Iteração =X
Elemento =0
Grau do Polinomio aproximador =3
Numero de nós =10
Coordenadas Adimensionais dos Nós
0 Xsi[0][0]=0   Xsi[0][1]=0   
1 Xsi[1][0]=0.333333   Xsi[1][1]=0   
2 Xsi[2][0]=0   Xsi[2][1]=0.333333   
3 Xsi[3][0]=0.666667   Xsi[3][1]=0   
4 Xsi[4][0]=0.333333   Xsi[4][1]=0.333333   
5 Xsi[5][0]=0   Xsi[5][1]=0.666667   
6 Xsi[6][0]=1   Xsi[6][1]=0   
7 Xsi[7][0]=0.666667   Xsi[7][1]=0.333333   
8 Xsi[8][0]=0.333333   Xsi[8][1]=0.666667   
9 Xsi[9][0]=0   Xsi[9][1]=1   
Ponto de integracao No. =0
Valores das funcoes de forma no ponto de Integracao atual(PHI) :
-3.05311e-15 9.88098e-15 1.00475e-14 -4.71845e-15 1 -4.82947e-15 1.60982e-15 -4.996e-15 -4.94049e-15 1.60982e-15 
Valores das derivadas direcionais das funcoes de forma no ponto de Integracao atual(DPHI):
0.5 -1.5 -1.5 1.5 9.05942e-14 1.4877e-14 -0.5 1.5 -1.4877e-14 0 
0.5 -1.5 -1.5 1.4877e-14 9.01501e-14 1.5 0 -1.4877e-14 1.5 -0.5 
 X= 
3 6 
 J0= 81
 Y= 
3 6 
Matriz A1= 
9 -8.88178e-16 
9.5 9 
 J1= 81
 A= 
1 -9.86865e-17 
0.0555556 1 
 C= 
1.00309 0.0555556 
0.0555556 1 
 E= 
0.00154321 0 0.0277778 0.0277778 
 S= 
0.00154321 0 0.0277778 0.0277778 
 CC= 
1 0 0 0 
0 1 0 0 
0 0 0.5 0.5 
0 0 0.5 0.5 
 fint= 0.00154321 8.57339e-05 -0.00462963 -0.000257202 -0.00462963 -0.000257202 0.000257202 0.00464392 2.78317e-16 1.68327e-17 0.00437243 -0.00438672 -8.57339e-05 -0.00154797 0.000257202 0.00464392 0.00437243 -0.00438672 -0.00145748 0.00146224 
 h= 
0.00154321 8.57339e-05 -0.00462963 -0.000257202 -0.00462963 -0.000257202 0.000257202 0.00462963 2.78317e-16 1.68285e-17 0.00437243 -0.00437243 -8.57339e-05 -0.00154321 0.000257202 0.00462963 0.00437243 -0.00437243 -0.00145748 0.00145748 
8.57339e-05 0.00309118 -0.000257202 -0.00927355 -0.000257202 -0.00927355 2.01155e-18 0.000514403 1.54578e-17 5.57493e-16 0.000257202 0.00875914 1.79791e-19 -0.000171468 -3.0903e-18 0.000514403 0.000257202 0.00875914 -8.57339e-05 -0.00291971 
-0.00462963 -0.000257202 0.0138889 0.000771605 0.0138889 0.000771605 -0.000771605 -0.0138889 -8.34952e-16 -5.04855e-17 -0.0131173 0.0131173 0.000257202 0.00462963 -0.000771605 -0.0138889 -0.0131173 0.0131173 0.00437243 -0.00437243 
-0.000257202 -0.00927355 0.000771605 0.0278206 0.000771605 0.0278206 2.37769e-17 -0.00154321 -4.63735e-17 -1.67248e-15 -0.000771605 -0.0262774 -1.04766e-17 0.000514403 3.90824e-17 -0.00154321 -0.000771605 -0.0262774 0.000257202 0.00875914 
-0.00462963 -0.000257202 0.0138889 0.000771605 0.0138889 0.000771605 -0.000771605 -0.0138889 -8.34952e-16 -5.04855e-17 -0.0131173 0.0131173 0.000257202 0.00462963 -0.000771605 -0.0138889 -0.0131173 0.0131173 0.00437243 -0.00437243 
-0.000257202 -0.00927355 0.000771605 0.0278206 0.000771605 0.0278206 -3.55892e-17 -0.00154321 -4.63735e-17 -1.67248e-15 -0.000771605 -0.0262774 9.31214e-18 0.000514403 -2.02837e-17 -0.00154321 -0.000771605 -0.0262774 0.000257202 0.00875914 
0.000257202 2.01155e-18 -0.000771605 2.37769e-17 -0.000771605 -3.55892e-17 0.0278206 0.00154321 5.46101e-17 4.56882e-19 -0.027049 -0.00154321 -0.00927355 -0.000514403 0.0278206 0.00154321 -0.027049 -0.00154321 0.00901635 0.000514403 
0.00462963 0.000514403 -0.0138889 -0.00154321 -0.0138889 -0.00154321 0.00154321 0.0140175 8.3518e-16 9.6897e-17 0.0123457 -0.0124743 -0.000514403 -0.0046725 0.00154321 0.0140175 0.0123457 -0.0124743 -0.00411523 0.00415809 
2.78317e-16 1.54578e-17 -8.34952e-16 -4.63735e-17 -8.34952e-16 -4.63735e-17 5.46101e-17 8.3518e-16 5.01968e-29 3.03431e-30 7.80342e-16 -7.88807e-16 -1.82034e-17 -2.78393e-16 5.46101e-17 8.3518e-16 7.80342e-16 -7.88807e-16 -2.60114e-16 2.62936e-16 
1.68285e-17 5.57493e-16 -5.04855e-17 -1.67248e-15 -5.04855e-17 -1.67248e-15 4.56882e-19 9.6897e-17 3.03431e-30 1.00545e-28 5.00286e-17 1.57558e-15 -1.52294e-19 -3.2299e-17 4.56882e-19 9.6897e-17 5.00286e-17 1.57558e-15 -1.66762e-17 -5.25194e-16 
0.00437243 0.000257202 -0.0131173 -0.000771605 -0.0131173 -0.000771605 -0.027049 0.0123457 7.80342e-16 5.00286e-17 0.0401663 -0.0115741 0.00901635 -0.00411523 -0.027049 0.0123457 0.0401663 -0.0115741 -0.0133888 0.00385802 
-0.00437243 0.00875914 0.0131173 -0.0262774 0.0131173 -0.0262774 -0.00154321 -0.0124743 -7.88807e-16 1.57558e-15 -0.0115741 0.0387517 0.000514403 0.00415809 -0.00154321 -0.0124743 -0.0115741 0.0387517 0.00385802 -0.0129172 
-8.57339e-05 1.79791e-19 0.000257202 -1.04766e-17 0.000257202 9.31214e-18 -0.00927355 -0.000514403 -1.82034e-17 -1.52294e-19 0.00901635 0.000514403 0.00309118 0.000171468 -0.00927355 -0.000514403 0.00901635 0.000514403 -0.00300545 -0.000171468 
-0.00154321 -0.000171468 0.00462963 0.000514403 0.00462963 0.000514403 -0.000514403 -0.0046725 -2.78393e-16 -3.2299e-17 -0.00411523 0.00415809 0.000171468 0.0015575 -0.000514403 -0.0046725 -0.00411523 0.00415809 0.00137174 -0.00138603 
0.000257202 -3.0903e-18 -0.000771605 3.90824e-17 -0.000771605 -2.02837e-17 0.0278206 0.00154321 5.46101e-17 4.56882e-19 -0.027049 -0.00154321 -0.00927355 -0.000514403 0.0278206 0.00154321 -0.027049 -0.00154321 0.00901635 0.000514403 
0.00462963 0.000514403 -0.0138889 -0.00154321 -0.0138889 -0.00154321 0.00154321 0.0140175 8.3518e-16 9.6897e-17 0.0123457 -0.0124743 -0.000514403 -0.0046725 0.00154321 0.0140175 0.0123457 -0.0124743 -0.00411523 0.00415809 
0.00437243 0.000257202 -0.0131173 -0.000771605 -0.0131173 -0.000771605 -0.027049 0.0123457 7.80342e-16 5.00286e-17 0.0401663 -0.0115741 0.00901635 -0.00411523 -0.027049 0.0123457 0.0401663 -0.0115741 -0.0133888 0.00385802 
-0.00437243 0.00875914 0.0131173 -0.0262774 0.0131173 -0.0262774 -0.00154321 -0.0124743 -7.88807e-16 1.57558e-15 -0.0115741 0.0387517 0.000514403 0.00415809 -0.00154321 -0.0124743 -0.0115741 0.0387517 0.00385802 -0.0129172 
-0.00145748 -8.57339e-05 0.00437243 0.000257202 0.00437243 0.000257202 0.00901635 -0.00411523 -2.60114e-16 -1.66762e-17 -0.0133888 0.00385802 -0.00300545 0.00137174 0.00901635 -0.00411523 -0.0133888 0.00385802 0.00446292 -0.00128601 
0.00145748 -0.00291971 -0.00437243 0.00875914 -0.00437243 0.00875914 0.000514403 0.00415809 2.62936e-16 -5.25194e-16 0.00385802 -0.0129172 -0.000171468 -0.00138603 0.000514403 0.00415809 0.00385802 -0.0129172 -0.00128601 0.00430575 
 ue[0]=0.000772796 J0=81 W[i]=-0.28125

Ponto de integracao No. =1
Valores das funcoes de forma no ponto de Integracao atual(PHI) :
0.056 -0.216 -0.072 0.432 0.648 -0.072 -0.048 0.432 -0.216 0.056 
Valores das derivadas direcionais das funcoes de forma no ponto de Integracao atual(DPHI):
0.26 -0.9 -0.18 0.18 -2.16 0.36 0.46 2.34 -0.36 0 
0.26 -0.54 -0.54 -2.16 0 0.54 0 2.16 0.54 -0.26 
 X= 
5.4 7.2 
 J0= 81
 Y= 
5.4 7.248 
Matriz A1= 
9 -1.33227e-15 
8.54 9 
 J1= 81
 A= 
1 1.85037e-16 
-0.0511111 1 
 C= 
1.00261 -0.0511111 
-0.0511111 1 
 E= 
0.00130617 0 -0.0255556 -0.0255556 
 S= 
0.00130617 0 -0.0255556 -0.0255556 
 CC= 
1 0 0 0 
0 1 0 0 
0 0 0.5 0.5 
0 0 0.5 0.5 
 fint= -0.000738272 3.77339e-05 0.00148109 0.000946522 0.00158558 -0.00110326 0.00647294 -0.00697528 -0.000313481 0.00614936 -0.00155946 0.000590817 6.67599e-05 -0.00130959 -0.00610721 -0.000198965 -0.00166395 0.0026406 0.000776005 -0.000777934 
 h= 
0.000417284 -2.13278e-05 -0.000837136 -0.000533481 -0.000896198 0.000622074 -0.00365862 0.00393274 0.000177185 -0.00346667 0.000881432 -0.000333185 -3.77339e-05 0.000738272 0.0034519 0.000111704 0.000940494 -0.00148874 -0.000438612 0.000438612 
-2.13278e-05 0.000835658 4.42963e-05 -0.00167654 4.42963e-05 -0.00179466 0.000177185 -0.00732629 1.07065e-18 0.00035437 -4.42963e-05 0.00176513 -2.28008e-19 -7.54678e-05 -0.000177185 0.00691286 -4.42963e-05 0.00188325 2.13278e-05 -0.000878314 
-0.000837136 4.42963e-05 0.00327942 0.00102622 0.00019791 -0.00121022 -0.00306025 -0.00763644 0.00924454 0.00670933 -0.000968288 0.000651111 -0.00196874 -0.00142884 -0.00772504 -0.000191111 0.00211322 0.00288756 -0.000275633 -0.000851901 
-0.000533481 -0.00167654 0.00102622 0.00416564 0.00118978 0.00279843 0.00496356 0.00948472 -0.000490667 0.00410162 -0.00114889 -0.00314023 0.000104494 -0.000873493 -0.00439111 -0.0142699 -0.00131244 -0.00177303 0.000592543 0.00118282 
-0.000896198 4.42963e-05 0.00019791 0.00118978 0.00352476 -0.00137378 0.0182576 -0.00869956 -0.00998054 0.00769067 -0.00269304 0.000732889 0.00212549 -0.00163783 -0.00661362 -0.000272889 -0.00601989 0.00329644 0.00209756 -0.000970025 
0.000622074 -0.00179466 -0.00121022 0.00279843 -0.00137378 0.00465631 -0.00569956 0.0209476 0.000490667 -0.00557362 0.00133289 -0.00419184 -0.000104494 0.00118697 0.00512711 -0.014445 0.00149644 -0.00604971 -0.000681136 0.00246556 
-0.00365862 0.000177185 -0.00306025 0.00496356 0.0182576 -0.00569956 0.0996776 -0.0361271 -0.0639535 0.0319893 -0.0129281 0.00303378 0.0136197 -0.00681254 -0.0250652 -0.00119378 -0.034246 0.0136969 0.0113567 -0.00402775 
0.00393274 -0.00732629 -0.00763644 0.00948472 -0.00869956 0.0209476 -0.0361271 0.0981188 0.00318933 -0.0343885 0.00843378 -0.0180819 -0.00067921 0.00732348 0.0324062 -0.0579989 0.00949689 -0.0295447 -0.00431664 0.0114656 
0.000177185 1.07065e-18 0.00924454 -0.000490667 -0.00998054 0.000490667 -0.0639535 0.00318933 0.0576752 -0.002944 0.00517427 -0.000245333 -0.0122827 0.000626963 -0.00333427 0.000245333 0.0243993 -0.00122667 -0.00711957 0.00035437 
-0.00346667 0.00035437 0.00670933 0.00410162 0.00769067 -0.00557362 0.0319893 -0.0343885 -0.002944 0.0290257 -0.00744533 0.00315481 0.000626963 -0.0061814 -0.0285547 0.000525191 -0.00842667 0.01283 0.00382104 -0.00384821 
0.000881432 -4.42963e-05 -0.000968288 -0.00114889 -0.00269304 0.00133289 -0.0129281 0.00843378 0.00517427 -0.00744533 0.00226186 -0.000712444 -0.00110193 0.00158558 0.00689148 0.000252444 0.00398661 -0.00319422 -0.00150426 0.000940494 
-0.000333185 0.00176513 0.000651111 -0.00314023 0.000732889 -0.00419184 0.00303378 -0.0180819 -0.000245333 0.00315481 -0.000712444 0.00392894 5.22469e-05 -0.000671857 -0.00274756 0.0144012 -0.000794222 0.00498054 0.000362716 -0.00214487 
-3.77339e-05 -2.28008e-19 -0.00196874 0.000104494 0.00212549 -0.000104494 0.0136197 -0.00067921 -0.0122827 0.000626963 -0.00110193 5.22469e-05 0.00261576 -0.00013352 0.000710076 -5.22469e-05 -0.00519616 0.000261235 0.00151621 -7.54678e-05 
0.000738272 -7.54678e-05 -0.00142884 -0.000873493 -0.00163783 0.00118697 -0.00681254 0.00732348 0.000626963 -0.0061814 0.00158558 -0.000671857 -0.00013352 0.00131641 0.00608109 -0.000111846 0.00179457 -0.00273232 -0.000813739 0.000819525 
0.0034519 -0.000177185 -0.00772504 -0.00439111 -0.00661362 0.00512711 -0.0250652 0.0324062 -0.00333427 -0.0285547 0.00689148 -0.00274756 0.000710076 0.00608109 0.0289552 0.000907556 0.00578005 -0.0122658 -0.00305055 0.00361432 
0.000111704 0.00691286 -0.000191111 -0.0142699 -0.000272889 -0.014445 -0.00119378 -0.0579989 0.000245333 0.000525191 0.000252444 0.0144012 -5.22469e-05 -0.000111846 0.000907556 0.0573861 0.000334222 0.0145763 -0.000141235 -0.00697608 
0.000940494 -4.42963e-05 0.00211322 -0.00131244 -0.00601989 0.00149644 -0.034246 0.00949689 0.0243993 -0.00842667 0.00398661 -0.000794222 -0.00519616 0.00179457 0.00578005 0.000334222 0.0121197 -0.00360311 -0.00387745 0.00105862 
-0.00148874 0.00188325 0.00288756 -0.00177303 0.00329644 -0.00604971 0.0136969 -0.0295447 -0.00122667 0.01283 -0.00319422 0.00498054 0.000261235 -0.00273232 -0.0122658 0.0145763 -0.00360311 0.00925722 0.0016364 -0.00342761 
-0.000438612 2.13278e-05 -0.000275633 0.000592543 0.00209756 -0.000681136 0.0113567 -0.00431664 -0.00711957 0.00382104 -0.00150426 0.000362716 0.00151621 -0.000813739 -0.00305055 -0.000141235 -0.00387745 0.0016364 0.0012956 -0.000481267 
0.000438612 -0.000878314 -0.000851901 0.00118282 -0.000970025 0.00246556 -0.00402775 0.0114656 0.00035437 -0.00384821 0.000940494 -0.00214487 -7.54678e-05 0.000819525 0.00361432 -0.00697608 0.00105862 -0.00342761 -0.000481267 0.00134152 
 ue[1]=0.000653939 J0=81 W[i]=0.260417

Ponto de integracao No. =2
Valores das funcoes de forma no ponto de Integracao atual(PHI) :
-0.048 0.432 0.432 -0.216 0.648 -0.216 0.056 -0.072 -0.072 0.056 
Valores das derivadas direcionais das funcoes de forma no ponto de Integracao atual(DPHI):
-0.46 -0.18 -2.34 0.9 2.16 0.36 -0.26 0.18 -0.36 0 
-0.46 -2.34 -0.18 0.36 2.16 0.9 0 -0.36 0.18 -0.26 
 X= 
1.8 3.6 
 J0= 81
 Y= 
1.8 3.544 
Matriz A1= 
9 9.99201e-16 
9.26 9 
 J1= 81
 A= 
1 1.11022e-16 
0.0288889 1 
 C= 
1.00083 0.0288889 
0.0288889 1 
 E= 
0.000417284 0 0.0144444 0.0144444 
 S= 
0.000417284 0 0.0144444 0.0144444 
 CC= 
1 0 0 0 
0 1 0 0 
0 0 0.5 0.5 
0 0 0.5 0.5 
 fint= -0.000738272 -2.13278e-05 -0.00365541 0.00336107 -0.000389037 -0.00347791 0.000602815 0.000884081 0.00346667 0.000100148 0.00141941 -0.000825662 -1.20549e-05 -0.000417632 -0.000552741 0.000850699 0.000263852 -0.000859044 -0.000405229 0.000405577 
 h= 
0.00130617 3.77339e-05 0.00646726 -0.00594138 0.000688296 0.0061481 -0.00106652 -0.00156286 -0.00613333 -0.000177185 -0.00251126 0.00145951 2.13278e-05 0.000738272 0.000977926 -0.0015038 -0.000466815 0.00151857 0.000716944 -0.000716944 
3.77339e-05 0.00261344 0.000191951 0.0129401 1.47654e-05 0.00137702 -2.95309e-05 -0.00213389 -0.000177185 -0.0122718 -7.38272e-05 -0.00502465 2.36787e-21 4.26557e-05 2.95309e-05 0.0019567 -1.47654e-05 -0.000934056 2.13278e-05 0.0014345 
0.00646726 0.000191951 0.0896214 -0.0285596 -0.054192 0.0296111 0.00911934 -0.00753422 -0.030368 -0.000901333 -0.026834 0.00700844 -0.00682773 0.00355526 0.019242 -0.00723378 -0.0167113 0.00730889 0.0104831 -0.00344677 
-0.00594138 0.0129401 -0.0285596 0.092895 -0.00398889 -0.0220059 0.00506578 -0.00335965 0.0278987 -0.060762 0.0112084 -0.0320849 -0.000200296 -0.00325836 -0.00423378 0.0168944 0.00190889 -0.0118309 -0.00315788 0.0105723 
0.000688296 1.47654e-05 -0.054192 -0.00398889 0.0579627 0.00406978 -0.014962 -0.00102756 -0.003232 -6.93333e-05 0.0130767 0.000987111 0.00694457 0.000489185 -0.0138847 -0.00100444 0.014154 0.00101022 -0.00655554 -0.00048084 
0.0061481 0.00137702 0.0296111 -0.0220059 0.00406978 0.0295496 -0.00522756 -0.00833036 -0.0288693 -0.006466 -0.0116129 0.00455853 0.000200296 0.00349204 0.00439556 -0.00617503 -0.00198978 0.00671386 0.00327472 -0.00271372 
-0.00106652 -2.95309e-05 0.00911934 0.00506578 -0.014962 -0.00522756 0.00447084 0.00132711 0.005008 0.000138667 -0.0015495 -0.00124622 -0.00175075 -0.000627852 0.0028015 0.00128089 -0.00321884 -0.00129244 0.00114793 0.00061116 
-0.00156286 -0.00213389 -0.00753422 -0.00335965 -0.00102756 -0.00833036 0.00132711 0.00354384 0.00733867 0.01002 0.00295378 0.00230116 -5.00741e-05 -0.000902219 -0.00111911 0.000203839 0.000507556 -0.00103884 -0.000833284 -0.000303893 
-0.00613333 -0.000177185 -0.030368 0.0278987 -0.003232 -0.0288693 0.005008 0.00733867 0.0288 0.000832 0.011792 -0.00685333 -0.000100148 -0.00346667 -0.004592 0.00706133 0.002192 -0.00713067 -0.00336652 0.00336652 
-0.000177185 -0.0122718 -0.000901333 -0.060762 -6.93333e-05 -0.006466 0.000138667 0.01002 0.000832 0.057624 0.000346667 0.023594 -1.11187e-20 -0.000200296 -0.000138667 -0.00918801 6.93333e-05 0.004386 -0.000100148 -0.00673593 
-0.00251126 -7.38272e-05 -0.026834 0.0112084 0.0130767 -0.0116129 -0.0015495 0.00295378 0.011792 0.000346667 0.00842817 -0.00275156 0.00169233 -0.00139437 -0.00548017 0.00283822 0.0044975 -0.00286711 -0.00311174 0.00135264 
0.00145951 -0.00502465 0.00700844 -0.0320849 0.000987111 0.00455853 -0.00124622 0.00230116 -0.00685333 0.023594 -0.00275156 0.011462 5.00741e-05 0.00078538 0.00103822 -0.00556351 -0.000467111 0.00359734 0.000774864 -0.0036254 
2.13278e-05 2.36787e-21 -0.00682773 -0.000200296 0.00694457 0.000200296 -0.00175075 -5.00741e-05 -0.000100148 -1.11187e-20 0.00169233 5.00741e-05 0.000834916 2.41097e-05 -0.00171737 -5.00741e-05 0.00172571 5.00741e-05 -0.000822861 -2.41097e-05 
0.000738272 4.26557e-05 0.00355526 -0.00325836 0.000489185 0.00349204 -0.000627852 -0.000902219 -0.00346667 -0.000200296 -0.00139437 0.00078538 2.41097e-05 0.000418329 0.000527704 -0.000835454 -0.000238815 0.000852145 0.000393174 -0.000394219 
0.000977926 2.95309e-05 0.019242 -0.00423378 -0.0138847 0.00439556 0.0028015 -0.00111911 -0.004592 -0.000138667 -0.00548017 0.00103822 -0.00171737 0.000527704 0.00433217 -0.00107289 -0.0039495 0.00108444 0.00227011 -0.000511012 
-0.0015038 0.0019567 -0.00723378 0.0168944 -0.00100444 -0.00617503 0.00128089 0.000203839 0.00706133 -0.00918801 0.00283822 -0.00556351 -5.00741e-05 -0.000835454 -0.00107289 0.00326651 0.000484444 -0.00250084 -0.000799901 0.00194142 
-0.000466815 -1.47654e-05 -0.0167113 0.00190889 0.014154 -0.00198978 -0.00321884 0.000507556 0.002192 6.93333e-05 0.0044975 -0.000467111 0.00172571 -0.000238815 -0.0039495 0.000484444 0.00376684 -0.000490222 -0.00198956 0.000230469 
0.00151857 -0.000934056 0.00730889 -0.0118309 0.00101022 0.00671386 -0.00129244 -0.00103884 -0.00713067 0.004386 -0.00286711 0.00359734 5.00741e-05 0.000852145 0.00108444 -0.00250084 -0.000490222 0.00213534 0.000808247 -0.00138009 
0.000716944 2.13278e-05 0.0104831 -0.00315788 -0.00655554 0.00327472 0.00114793 -0.000833284 -0.00336652 -0.000100148 -0.00311174 0.000774864 -0.000822861 0.000393174 0.00227011 -0.000799901 -0.00198956 0.000808247 0.00122809 -0.000381119 
-0.000716944 0.0014345 -0.00344677 0.0105723 -0.00048084 -0.00271372 0.00061116 -0.000303893 0.00336652 -0.00673593 0.00135264 -0.0036254 -2.41097e-05 -0.000394219 -0.000511012 0.00194142 0.000230469 -0.00138009 -0.000381119 0.00120503 
 ue[2]=0.000208729 J0=81 W[i]=0.260417

Ponto de integracao No. =3
Valores das funcoes de forma no ponto de Integracao atual(PHI) :
0.056 -0.072 -0.216 -0.072 0.648 0.432 0.056 -0.216 0.432 -0.048 
Valores das derivadas direcionais das funcoes de forma no ponto de Integracao atual(DPHI):
0.26 -0.54 -0.54 0.54 0 -2.16 -0.26 0.54 2.16 0 
0.26 -0.18 -0.9 0.36 -2.16 0.18 0 -0.36 2.34 0.46 
 X= 
1.8 7.2 
 J0= 81
 Y= 
1.8 7.144 
Matriz A1= 
9 2.66454e-15 
9.26 9 
 J1= 81
 A= 
1 0 
0.0288889 1 
 C= 
1.00083 0.0288889 
0.0288889 1 
 E= 
0.000417284 2.22045e-16 0.0144444 0.0144444 
 S= 
0.000417284 2.22045e-16 0.0144444 0.0144444 
 CC= 
1 0 0 0 
0 1 0 0 
0 0 0.5 0.5 
0 0 0.5 0.5 
 fint= 0.000417284 1.20549e-05 -0.00030558 -0.000586606 -0.00142775 0.000536532 0.000586123 0.000305821 -0.00336652 0.00336941 0.000180395 -0.00375034 -1.20549e-05 -0.000417632 -0.000536049 0.00142896 0.00374721 -0.000180636 0.000716944 -0.00071756 
 h= 
0.000417284 1.20549e-05 -0.00030558 -0.000586123 -0.00142775 0.000536049 0.000586123 0.00030558 -0.00336652 0.00336652 0.000180395 -0.00374721 -1.20549e-05 -0.000417284 -0.000536049 0.00142775 0.00374721 -0.000180395 0.000716944 -0.000716944 
1.20549e-05 0.000834916 -8.34568e-06 -0.000611402 -4.17284e-05 -0.00285671 1.66914e-05 0.00117273 -0.000100148 -0.00673593 8.34568e-06 0.000361031 4.12103e-20 -2.41097e-05 -1.66914e-05 -0.00107258 0.000108494 0.00749755 2.13278e-05 0.0014345 
-0.00030558 -8.34568e-06 0.00182378 0.000452 -0.000554445 -0.000417333 -0.00122922 -0.000234667 -0.00713467 -0.002608 0.0102679 0.00289467 0.00116438 0.000322272 -0.00360745 -0.001104 -0.00194411 0.000148 0.00151942 0.000555407 
-0.000586123 -0.000611402 0.000452 0.00124839 0.00198267 0.00129128 -0.000834667 -0.00125911 0.004592 0.000128652 -0.000105333 0.00493996 3.33827e-05 0.000595916 0.000696 -0.00121623 -0.005252 -0.00509006 -0.000977926 -2.73981e-05 
-0.00142775 -4.17284e-05 -0.000554445 0.00198267 0.00648511 -0.00180933 -0.00120544 -0.00103467 0.0211187 -0.011376 -0.0110172 0.0126707 -0.00111431 0.00141106 0.00583411 -0.00482667 -0.0136212 0.000601333 -0.0044975 0.00242267 
0.000536049 -0.00285671 -0.000417333 0.00129128 -0.00180933 0.0105751 0.000765333 -0.00361222 -0.004176 0.0278514 7.06667e-05 -0.00643963 -3.33827e-05 -0.000495768 -0.000626667 0.00567157 0.00480133 -0.0260536 0.000889333 -0.00593131 
0.000586123 1.66914e-05 -0.00122922 -0.000834667 -0.00120544 0.000765333 0.00122328 0.000434667 7.13363e-05 0.0048 -0.00494661 -0.00533867 -0.00059471 -0.000594469 0.00124706 0.00203467 0.00486339 -0.000261333 -1.5192e-05 -0.00102222 
0.00030558 0.00117273 -0.000234667 -0.00125911 -0.00103467 -0.00361222 0.000434667 0.00184739 -0.0024 -0.00705933 6.13333e-05 -0.00209506 -1.66914e-05 -0.000322995 -0.000365333 -0.00050572 0.00273867 0.010331 0.000511111 0.00150338 
-0.00336652 -0.000100148 -0.00713467 0.004592 0.0211187 -0.004176 7.13363e-05 -0.0024 0.08476 -0.026304 -0.0638554 0.029328 -0.00683608 0.00326637 0.0283247 -0.011168 -0.0350313 0.00136 -0.0180507 0.00560178 
0.00336652 -0.00673593 -0.002608 0.000128652 -0.011376 0.0278514 0.0048 -0.00705933 -0.026304 0.0831681 0.000528 -0.0341388 -0.000200296 -0.00327505 -0.003968 0.0206634 0.03016 -0.0628907 0.00560178 -0.0177117 
0.000180395 8.34568e-06 0.0102679 -0.000105333 -0.0110172 7.06667e-05 -0.00494661 6.13333e-05 -0.0638554 0.000528 0.067678 -0.000641333 0.0075059 -7.19012e-05 -0.0262317 0.000237333 0.00681995 2.53333e-05 0.0135988 -0.000112444 
-0.00374721 0.000361031 0.00289467 0.00493996 0.0126707 -0.00643963 -0.00533867 -0.00209506 0.029328 -0.0341388 -0.000641333 0.0339843 0.000216988 0.00374827 0.00443733 -0.0134747 -0.0335747 0.00584424 -0.00624578 0.0072703 
-1.20549e-05 4.12103e-20 0.00116438 3.33827e-05 -0.00111431 -3.33827e-05 -0.00059471 -1.66914e-05 -0.00683608 -0.000200296 0.0075059 0.000216988 0.000834916 2.41097e-05 -0.0028734 -8.34568e-05 0.000469525 1.66914e-05 0.00145583 4.26557e-05 
-0.000417284 -2.41097e-05 0.000322272 0.000595916 0.00141106 -0.000495768 -0.000594469 -0.000322995 0.00326637 -0.00327505 -7.19012e-05 0.00374827 2.41097e-05 0.000418329 0.000494321 -0.00141468 -0.00373886 7.26245e-05 -0.000695616 0.000697464 
-0.000536049 -1.66914e-05 -0.00360745 0.000696 0.00583411 -0.000626667 0.00124706 -0.000365333 0.0283247 -0.003968 -0.0262317 0.00443733 -0.0028734 0.000494321 0.0106886 -0.001688 -0.00681372 0.000192 -0.00603211 0.000845037 
0.00142775 -0.00107258 -0.001104 -0.00121623 -0.00482667 0.00567157 0.00203467 -0.00050572 -0.011168 0.0206634 0.000237333 -0.0134747 -8.34568e-05 -0.00141468 -0.001688 0.00638208 0.012792 -0.0106326 0.00237837 -0.00440054 
0.00374721 0.000108494 -0.00194411 -0.005252 -0.0136212 0.00480133 0.00486339 0.00273867 -0.0350313 0.03016 0.00681995 -0.0335747 0.000469525 -0.00373886 -0.00681372 0.012792 0.0340499 -0.001612 0.00746038 -0.00642296 
-0.000180395 0.00749755 0.000148 -0.00509006 0.000601333 -0.0260536 -0.000261333 0.010331 0.00136 -0.0628907 2.53333e-05 0.00584424 1.66914e-05 7.26245e-05 0.000192 -0.0106326 -0.001612 0.0675283 -0.00028963 0.0133934 
0.000716944 2.13278e-05 0.00151942 -0.000977926 -0.0044975 0.000889333 -1.5192e-05 0.000511111 -0.0180507 0.00560178 0.0135988 -0.00624578 0.00145583 -0.000695616 -0.00603211 0.00237837 0.00746038 -0.00028963 0.00384414 -0.00119297 
-0.000716944 0.0014345 0.000555407 -2.73981e-05 0.00242267 -0.00593131 -0.00102222 0.00150338 0.00560178 -0.0177117 -0.000112444 0.0072703 4.26557e-05 0.000697464 0.000845037 -0.00440054 -0.00642296 0.0133934 -0.00119297 0.00377194 
 ue[3]=0.000208729 J0=81 W[i]=0.260417

 Ue= 0.00499454
 Fint= 
-0.0575 -0.00135278 0.0531583 0.0843489 0.100592 -0.0794572 0.155758 -0.22783 -0.0045 0.202899 -0.0987583 0.0158723 0.00285278 -0.00997816 -0.15765 -0.0619047 -0.0501 0.133704 0.0561472 -0.0563021 
 H= 
0.01 -0.00135278 0.217783 -0.143083 0.0709667 0.159975 -0.0931667 -0.0490333 -0.19665 -0.00585 -0.130183 0.044325 0.00135278 0.0575 0.076275 -0.104717 -0.010575 0.0964333 0.0541972 -0.0541972 
-0.00135278 0.0199448 0.0106667 0.435956 0.006225 0.142195 0.00346667 -0.186532 -0.00585 -0.393469 -0.008175 -0.260684 -7.98619e-18 0.00270556 -0.00346667 0.152749 -0.00481667 -0.0213706 0.00330278 0.108506 
0.217783 0.0106667 1.68169 -0.588825 -1.46704 0.5727 0.119458 -0.00855 -0.59607 0.0675 -0.0710382 -0.0762 -0.166849 -0.0538167 0.184419 0.1365 -0.0501095 -0.080625 0.147756 0.02065 
-0.143083 0.435956 -0.588825 1.43992 -0.0348 -1.01171 0.19395 0.137798 0.675 -1.19247 0.22755 -0.0401945 -0.00131667 -0.0863049 -0.16725 0.0648603 -0.080625 0.204307 -0.0806 0.0478376 
0.0709667 0.006225 -1.46704 -0.0348 1.11739 0.001125 0.0616668 0.0894 0.16677 -0.0792 0.285463 0.004725 0.161957 -0.0999333 -0.291744 0.18765 0.183084 -0.1953 -0.288514 0.120108 
0.159975 0.142195 0.5727 -1.01171 0.001125 0.31081 -0.21435 0.225105 -0.6867 0.333529 -0.197775 0.470532 0.00131667 0.0765216 0.18765 -0.280163 0.10845 0.0630735 0.0676083 -0.329893 
-0.0931667 0.00346667 0.119458 0.19395 0.0616668 -0.21435 1.5889 -0.76005 -1.24188 0.77895 0.206481 -0.03975 0.44908 -0.157767 -1.07711 0.0096 -0.071475 0.2913 0.058046 -0.10535 
-0.0490333 -0.186532 -0.00855 0.137798 0.0894 0.225105 -0.76005 1.86408 0.17145 -0.662931 -0.03975 -0.092887 -0.00401667 0.235081 0.6171 -1.54912 -0.01245 -0.143023 -0.0041 0.172429 
-0.19665 -0.00585 -0.59607 0.675 0.16677 -0.6867 -1.24188 0.17145 3.61199 -0.5994 -0.989067 0.4689 -0.405399 0.009 0.430279 -0.08145 -0.178031 -0.1476 -0.601949 0.19665 
-0.00585 -0.393469 0.0675 -1.19247 -0.0792 0.333529 0.77895 -0.662931 -0.5994 3.5821 -0.1386 -0.155882 0.009 -0.203697 -0.68895 0.253137 0.4599 -0.96345 0.19665 -0.596866 
-0.130183 -0.008175 -0.0710382 0.22755 0.285463 -0.197775 0.206481 -0.03975 -0.989067 -0.1386 0.738036 0.177075 -0.0346223 0.0962667 0.092655 -0.21105 -0.592219 0.13635 0.494495 -0.0418917 
0.044325 -0.260684 -0.0762 -0.0401945 0.004725 0.470532 -0.03975 -0.092887 0.4689 -0.155882 0.177075 0.158698 -0.00498333 -0.0132669 0.0927 0.186369 -0.47115 -0.578596 -0.195642 0.325912 
0.00135278 -7.98619e-18 -0.166849 -0.00131667 0.161957 0.00131667 0.44908 -0.00401667 -0.405399 0.009 -0.0346223 -0.00498333 0.0199782 -0.00570556 0.129405 0.0078 -0.268704 -0.0048 0.113802 0.00270556 
0.0575 0.00270556 -0.0538167 -0.0863049 -0.0999333 0.0765216 -0.157767 0.235081 0.009 -0.203697 0.0962667 -0.0132669 -0.00570556 0.00993448 0.16155 0.0566223 0.0477 -0.132855 -0.0547944 0.055259 
0.076275 -0.00346667 0.184419 -0.16725 -0.291744 0.18765 -1.07711 0.6171 0.430279 -0.68895 0.092655 0.0927 0.129405 0.16155 0.293829 -0.07425 0.511097 -0.19665 -0.349106 0.0715667 
-0.104717 0.152749 0.1365 0.0648603 0.18765 -0.280163 0.0096 -1.54912 -0.08145 0.253137 -0.21105 0.186369 0.0078 0.0566223 -0.07425 1.09468 0.00585 0.314615 0.124067 -0.29375 
-0.010575 -0.00481667 -0.0501095 -0.080625 0.183084 0.10845 -0.071475 -0.01245 -0.178031 0.4599 -0.592219 -0.47115 -0.268704 0.0477 0.511097 0.00585 0.138309 0.143325 0.338623 -0.196183 
0.0964333 -0.0213706 -0.080625 0.204307 -0.1953 0.0630735 0.2913 -0.143023 -0.1476 -0.96345 0.13635 -0.578596 -0.0048 -0.132855 -0.19665 0.314615 0.143325 0.781924 -0.0424333 0.475375 
0.0541972 0.00330278 0.147756 -0.0806 -0.288514 0.0676083 0.058046 -0.0041 -0.601949 0.19665 0.494495 -0.195642 0.113802 -0.0547944 -0.349106 0.124067 0.338623 -0.0424333 0.0326504 -0.0140583 
-0.0541972 0.108506 0.02065 0.0478376 0.120108 -0.329893 -0.10535 0.172429 0.19665 -0.596866 -0.0418917 0.325912 0.00270556 0.055259 0.0715667 -0.29375 -0.196183 0.475375 -0.0140583 0.0351904 
 M= 
0.1809 0 -0.7776 0 -0.7776 0 0.64395 0 0.8748 0 0.64395 0 -0.04725 0 0.32805 0 0.32805 0 -0.04725 0 
0 0.1809 0 -0.7776 0 -0.7776 0 0.64395 0 0.8748 0 0.64395 0 -0.04725 0 0.32805 0 0.32805 0 -0.04725 
-0.7776 0 5.0301 0 4.5927 0 -3.82725 0 1.9683 0 -2.29635 0 0.64395 0 -2.29635 0 -0.32805 0 0.32805 0 
0 -0.7776 0 5.0301 0 4.5927 0 -3.82725 0 1.9683 0 -2.29635 0 0.64395 0 -2.29635 0 -0.32805 0 0.32805 
-0.7776 0 4.5927 0 5.0301 0 -2.29635 0 1.9683 0 -3.82725 0 0.32805 0 -0.32805 0 -2.29635 0 0.64395 0 
0 -0.7776 0 4.5927 0 5.0301 0 -2.29635 0 1.9683 0 -3.82725 0 0.32805 0 -0.32805 0 -2.29635 0 0.64395 
0.64395 0 -3.82725 0 -2.29635 0 5.0301 0 1.9683 0 -0.32805 0 -0.7776 0 4.5927 0 -2.29635 0 0.32805 0 
0 0.64395 0 -3.82725 0 -2.29635 0 5.0301 0 1.9683 0 -0.32805 0 -0.7776 0 4.5927 0 -2.29635 0 0.32805 
0.8748 0 1.9683 0 1.9683 0 1.9683 0 3.7908 0 1.9683 0 0.8748 0 1.9683 0 1.9683 0 0.8748 0 
0 0.8748 0 1.9683 0 1.9683 0 1.9683 0 3.7908 0 1.9683 0 0.8748 0 1.9683 0 1.9683 0 0.8748 
0.64395 0 -2.29635 0 -3.82725 0 -0.32805 0 1.9683 0 5.0301 0 0.32805 0 -2.29635 0 4.5927 0 -0.7776 0 
0 0.64395 0 -2.29635 0 -3.82725 0 -0.32805 0 1.9683 0 5.0301 0 0.32805 0 -2.29635 0 4.5927 0 -0.7776 
-0.04725 0 0.64395 0 0.32805 0 -0.7776 0 0.8748 0 0.32805 0 0.1809 0 -0.7776 0 0.64395 0 -0.04725 0 
0 -0.04725 0 0.64395 0 0.32805 0 -0.7776 0 0.8748 0 0.32805 0 0.1809 0 -0.7776 0 0.64395 0 -0.04725 
0.32805 0 -2.29635 0 -0.32805 0 4.5927 0 1.9683 0 -2.29635 0 -0.7776 0 5.0301 0 -3.82725 0 0.64395 0 
0 0.32805 0 -2.29635 0 -0.32805 0 4.5927 0 1.9683 0 -2.29635 0 -0.7776 0 5.0301 0 -3.82725 0 0.64395 
0.32805 0 -0.32805 0 -2.29635 0 -2.29635 0 1.9683 0 4.5927 0 0.64395 0 -3.82725 0 5.0301 0 -0.7776 0 
0 0.32805 0 -0.32805 0 -2.29635 0 -2.29635 0 1.9683 0 4.5927 0 0.64395 0 -3.82725 0 5.0301 0 -0.7776 
-0.04725 0 0.32805 0 0.64395 0 0.32805 0 0.8748 0 -0.7776 0 -0.04725 0 0.64395 0 -0.7776 0 0.1809 0 
0 -0.04725 0 0.32805 0 0.64395 0 0.32805 0 0.8748 0 -0.7776 0 -0.04725 0 0.64395 0 -0.7776 0 0.1809 


 Dy = 0.0146733 0.076035 -0.182108 -0.0888523 -0.0417388 0.0649036 0.455426 0.258313 -0.0930104 -0.0821591 0.0545785 
Iteração =X
Elemento =0
Grau do Polinomio aproximador =3
Numero de nós =10
Coordenadas Adimensionais dos Nós
0 Xsi[0][0]=0   Xsi[0][1]=0   
1 Xsi[1][0]=0.333333   Xsi[1][1]=0   
2 Xsi[2][0]=0   Xsi[2][1]=0.333333   
3 Xsi[3][0]=0.666667   Xsi[3][1]=0   
4 Xsi[4][0]=0.333333   Xsi[4][1]=0.333333   
5 Xsi[5][0]=0   Xsi[5][1]=0.666667   
6 Xsi[6][0]=1   Xsi[6][1]=0   
7 Xsi[7][0]=0.666667   Xsi[7][1]=0.333333   
8 Xsi[8][0]=0.333333   Xsi[8][1]=0.666667   
9 Xsi[9][0]=0   Xsi[9][1]=1   
Ponto de integracao No. =0
Valores das funcoes de forma no ponto de Integracao atual(PHI) :
-3.05311e-15 9.88098e-15 1.00475e-14 -4.71845e-15 1 -4.82947e-15 1.60982e-15 -4.996e-15 -4.94049e-15 1.60982e-15 
Valores das derivadas direcionais das funcoes de forma no ponto de Integracao atual(DPHI):
0.5 -1.5 -1.5 1.5 9.05942e-14 1.4877e-14 -0.5 1.5 -1.4877e-14 0 
0.5 -1.5 -1.5 1.4877e-14 9.01501e-14 1.5 0 -1.4877e-14 1.5 -0.5 
 X= 
3 6 
 J0= 81
 Y= 
2.95826 6.0649 
Matriz A1= 
8.86459 -0.145249 
9.11315 8.96782 
 J1= 80.8196
 A= 
1.00109 -0.0161387 
0.0161487 0.996424 
 C= 
1.00245 -6.54377e-05 
-6.54377e-05 0.993121 
 E= 
0.00122366 -0.00343945 -3.27188e-05 -3.27188e-05 
 S= 
0.00122366 -0.00343945 -3.27188e-05 -3.27188e-05 
 CC= 
1 0 0 0 
0 1 0 0 
0 0 0.5 0.5 
0 0 0.5 0.5 
 fint= 1.26409e-06 -0.000190426 -3.79228e-06 0.000571279 -3.79228e-06 0.000571279 0.000204254 -2.14022e-06 2.88388e-19 -3.43345e-17 -0.000200462 -0.000569139 -6.80847e-05 7.13408e-07 0.000204254 -2.14022e-06 -0.000200462 -0.000569139 6.68206e-05 0.000189713 
 h= 
0.00153677 -2.46848e-05 -0.00461032 7.40543e-05 -0.00461032 7.40543e-05 -7.5101e-05 0.00461811 2.77058e-16 -3.08343e-18 0.00468542 -0.00469217 2.50337e-05 -0.00153937 -7.5101e-05 0.00461811 0.00468542 -0.00469217 -0.00156181 0.00156406 
-2.46848e-05 0.00305417 7.40543e-05 -0.00916251 7.40543e-05 -0.00916251 -1.20657e-06 7.41921e-05 -4.45102e-18 5.5069e-16 -7.28477e-05 0.00908832 4.0219e-07 -2.47307e-05 -1.20657e-06 7.41921e-05 -7.28477e-05 0.00908832 2.42826e-05 -0.00302944 
-0.00461032 7.40543e-05 0.013831 -0.000222163 0.013831 -0.000222163 0.000225303 -0.0138543 -8.31175e-16 9.25029e-18 -0.0140563 0.0140765 -7.5101e-05 0.00461811 0.000225303 -0.0138543 -0.0140563 0.0140765 0.00468542 -0.00469217 
7.40543e-05 -0.00916251 -0.000222163 0.0274875 -0.000222163 0.0274875 3.61971e-06 -0.000222576 1.33531e-17 -1.65207e-15 0.000218543 -0.027265 -1.20657e-06 7.41921e-05 3.61971e-06 -0.000222576 0.000218543 -0.027265 -7.28477e-05 0.00908832 
-0.00461032 7.40543e-05 0.013831 -0.000222163 0.013831 -0.000222163 0.000225303 -0.0138543 -8.31175e-16 9.25029e-18 -0.0140563 0.0140765 -7.5101e-05 0.00461811 0.000225303 -0.0138543 -0.0140563 0.0140765 0.00468542 -0.00469217 
7.40543e-05 -0.00916251 -0.000222163 0.0274875 -0.000222163 0.0274875 3.61971e-06 -0.000222576 1.33531e-17 -1.65207e-15 0.000218543 -0.027265 -1.20657e-06 7.41921e-05 3.61971e-06 -0.000222576 0.000218543 -0.027265 -7.28477e-05 0.00908832 
-7.5101e-05 -1.20657e-06 0.000225303 3.61971e-06 0.000225303 3.61971e-06 0.0278761 0.000225717 -5.28773e-18 -1.50719e-19 -0.0281014 -0.000229337 -0.00929204 -7.5239e-05 0.0278761 0.000225717 -0.0281014 -0.000229337 0.00936714 7.64456e-05 
0.00461811 7.41921e-05 -0.0138543 -0.000222576 -0.0138543 -0.000222576 0.000225717 0.013831 8.32714e-16 1.74716e-17 0.0136286 -0.0136084 -7.5239e-05 -0.00461032 0.000225717 0.013831 0.0136286 -0.0136084 -0.00454288 0.00453613 
2.77058e-16 -4.45102e-18 -8.31175e-16 1.33531e-17 -8.31175e-16 1.33531e-17 -5.28773e-18 8.32714e-16 4.99521e-29 -5.55988e-31 8.36462e-16 -8.46067e-16 1.76258e-18 -2.77571e-16 -5.28773e-18 8.32714e-16 8.36462e-16 -8.46067e-16 -2.78821e-16 2.82022e-16 
-3.08343e-18 5.5069e-16 9.25029e-18 -1.65207e-15 9.25029e-18 -1.65207e-15 -1.50719e-19 1.74716e-17 -5.55988e-31 9.92947e-29 -9.09957e-18 1.6346e-15 5.02398e-20 -5.82388e-18 -1.50719e-19 1.74716e-17 -9.09957e-18 1.6346e-15 3.03319e-18 -5.44866e-16 
0.00468542 -7.28477e-05 -0.0140563 0.000218543 -0.0140563 0.000218543 -0.0281014 0.0136286 8.36462e-16 -9.09957e-18 0.0421577 -0.0138472 0.00936714 -0.00454288 -0.0281014 0.0136286 0.0421577 -0.0138472 -0.0140526 0.00461572 
-0.00469217 0.00908832 0.0140765 -0.027265 0.0140765 -0.027265 -0.000229337 -0.0136084 -8.46067e-16 1.6346e-15 -0.0138472 0.0408734 7.64456e-05 0.00453613 -0.000229337 -0.0136084 -0.0138472 0.0408734 0.00461572 -0.0136245 
2.50337e-05 4.0219e-07 -7.5101e-05 -1.20657e-06 -7.5101e-05 -1.20657e-06 -0.00929204 -7.5239e-05 1.76258e-18 5.02398e-20 0.00936714 7.64456e-05 0.00309735 2.50797e-05 -0.00929204 -7.5239e-05 0.00936714 7.64456e-05 -0.00312238 -2.54819e-05 
-0.00153937 -2.47307e-05 0.00461811 7.41921e-05 0.00461811 7.41921e-05 -7.5239e-05 -0.00461032 -2.77571e-16 -5.82388e-18 -0.00454288 0.00453613 2.50797e-05 0.00153677 -7.5239e-05 -0.00461032 -0.00454288 0.00453613 0.00151429 -0.00151204 
-7.5101e-05 -1.20657e-06 0.000225303 3.61971e-06 0.000225303 3.61971e-06 0.0278761 0.000225717 -5.28773e-18 -1.50719e-19 -0.0281014 -0.000229337 -0.00929204 -7.5239e-05 0.0278761 0.000225717 -0.0281014 -0.000229337 0.00936714 7.64456e-05 
0.00461811 7.41921e-05 -0.0138543 -0.000222576 -0.0138543 -0.000222576 0.000225717 0.013831 8.32714e-16 1.74716e-17 0.0136286 -0.0136084 -7.5239e-05 -0.00461032 0.000225717 0.013831 0.0136286 -0.0136084 -0.00454288 0.00453613 
0.00468542 -7.28477e-05 -0.0140563 0.000218543 -0.0140563 0.000218543 -0.0281014 0.0136286 8.36462e-16 -9.09957e-18 0.0421577 -0.0138472 0.00936714 -0.00454288 -0.0281014 0.0136286 0.0421577 -0.0138472 -0.0140526 0.00461572 
-0.00469217 0.00908832 0.0140765 -0.027265 0.0140765 -0.027265 -0.000229337 -0.0136084 -8.46067e-16 1.6346e-15 -0.0138472 0.0408734 7.64456e-05 0.00453613 -0.000229337 -0.0136084 -0.0138472 0.0408734 0.00461572 -0.0136245 
-0.00156181 2.42826e-05 0.00468542 -7.28477e-05 0.00468542 -7.28477e-05 0.00936714 -0.00454288 -2.78821e-16 3.03319e-18 -0.0140526 0.00461572 -0.00312238 0.00151429 0.00936714 -0.00454288 -0.0140526 0.00461572 0.00468419 -0.00153857 
0.00156406 -0.00302944 -0.00469217 0.00908832 -0.00469217 0.00908832 7.64456e-05 0.00453613 2.82022e-16 -5.44866e-16 0.00461572 -0.0136245 -2.54819e-05 -0.00151204 7.64456e-05 0.00453613 0.00461572 -0.0136245 -0.00153857 0.00454148 
 ue[0]=6.66464e-06 J0=81 W[i]=-0.28125

Ponto de integracao No. =1
Valores das funcoes de forma no ponto de Integracao atual(PHI) :
0.056 -0.216 -0.072 0.432 0.648 -0.072 -0.048 0.432 -0.216 0.056 
Valores das derivadas direcionais das funcoes de forma no ponto de Integracao atual(DPHI):
0.26 -0.9 -0.18 0.18 -2.16 0.36 0.46 2.34 -0.36 0 
0.26 -0.54 -0.54 -2.16 0 0.54 0 2.16 0.54 -0.26 
 X= 
5.4 7.2 
 J0= 81
 Y= 
5.39859 7.18328 
Matriz A1= 
9.8877 0.89902 
8.07809 8.97943 
 J1= 81.5235
 A= 
0.998742 0.0998912 
-0.100149 0.997715 
 C= 
1.00752 -0.000154651 
-0.000154651 1.00541 
 E= 
0.00375757 0.00270638 -7.73255e-05 -7.73255e-05 
 S= 
0.00375757 0.00270638 -7.73255e-05 -7.73255e-05 
 CC= 
1 0 0 0 
0 1 0 0 
0 0 0.5 0.5 
0 0 0.5 0.5 
 fint= 5.5789e-06 7.82294e-05 -0.000161392 -0.000144338 0.000138218 -0.000180615 0.000927382 -0.000767807 -0.000898828 0.000108832 -6.33154e-05 0.000171546 0.000191417 -2.31771e-05 0.00012125 0.000640837 -0.000362925 0.000207823 0.000102613 -9.13296e-05 
 h= 
0.000426821 4.14374e-05 -0.000944027 -0.000661794 -0.000828921 0.00048967 -0.0031718 0.00339801 -0.000345318 -0.00345439 0.000857697 -0.000201804 7.35399e-05 0.000735658 0.00357467 0.000632116 0.000742592 -0.00135327 -0.000385255 0.000374369 
4.14374e-05 0.000837202 -8.02823e-05 -0.00168098 -9.18425e-05 -0.00179662 -0.00038182 -0.00733105 3.46805e-05 0.000346926 8.89524e-05 0.00176771 -7.38567e-06 -7.38824e-05 0.000341359 0.0069263 0.000100513 0.00188336 -4.56119e-05 -0.000878961 
-0.000944027 -8.02823e-05 0.00369018 0.00128218 0.000231167 -0.000948705 -0.00339909 -0.00658343 0.010377 0.00669267 -0.00109592 0.000390982 -0.00220992 -0.00142529 -0.00870744 -0.00122468 0.00236309 0.00262187 -0.000305059 -0.000725317 
-0.000661794 -0.00168098 0.00128218 0.00418959 0.00146681 0.00279295 0.00609801 0.00942602 -0.000553868 0.00418991 -0.00142065 -0.00314211 0.000117953 -0.000892295 -0.00545183 -0.0143142 -0.00160527 -0.00174548 0.000728464 0.00117664 
-0.000828921 -9.18425e-05 0.000231167 0.00146681 0.00321204 -0.00108531 0.0165743 -0.00753138 -0.00894263 0.00765635 -0.00246682 0.000447279 0.00190445 -0.00163052 -0.0061412 -0.00140103 -0.0054477 0.00299939 0.00190535 -0.000829755 
0.00048967 -0.00179662 -0.000948705 0.00279295 -0.00108531 0.00466995 -0.00451199 0.021026 0.00040981 -0.00563098 0.00105116 -0.0042007 -8.72744e-05 0.00119919 0.00403387 -0.0144566 0.00118776 -0.00607769 -0.000538999 0.00247443 
-0.0031718 -0.00038182 -0.00339909 0.00609801 0.0165743 -0.00451199 0.0912638 -0.0313104 -0.0599201 0.03183 -0.0115809 0.00185949 0.0127608 -0.00677861 -0.021357 -0.00582454 -0.0315543 0.0124695 0.0103844 -0.00344957 
0.00339801 -0.00733105 -0.00658343 0.00942602 -0.00753138 0.021026 -0.0313104 0.0986042 0.00284384 -0.0348 0.00729439 -0.018126 -0.000605632 0.00741112 0.0279926 -0.0580041 0.00824234 -0.029726 -0.00374032 0.0115199 
-0.000345318 3.46805e-05 0.010377 -0.000553868 -0.00894263 0.00040981 -0.0599201 0.00284384 0.057959 -0.00289103 0.00411272 -0.000168891 -0.0123431 0.000615683 -0.00769871 0.000529035 0.0234324 -0.00113257 -0.00663122 0.000313314 
-0.00345439 0.000346926 0.00669267 0.00418991 0.00765635 -0.00563098 0.03183 -0.0348 -0.00289103 0.0294627 -0.00741543 0.00317576 0.000615683 -0.00627446 -0.0284571 0.000426932 -0.00837911 0.0129967 0.00380239 -0.00389336 
0.000857697 8.89524e-05 -0.00109592 -0.00142065 -0.00246682 0.00105116 -0.0115809 0.00729439 0.00411272 -0.00741543 0.0021241 -0.000433205 -0.000875856 0.00157921 0.00678276 0.00135694 0.003495 -0.00290501 -0.00135275 0.000803645 
-0.000201804 0.00176771 0.000390982 -0.00314211 0.000447279 -0.0042007 0.00185949 -0.018126 -0.000168891 0.00317576 -0.000433205 0.00393605 3.59675e-05 -0.000676319 -0.00166245 0.014421 -0.000489502 0.00499464 0.000222133 -0.00214998 
7.35399e-05 -7.38567e-06 -0.00220992 0.000117953 0.00190445 -8.72744e-05 0.0127608 -0.000605632 -0.0123431 0.000615683 -0.000875856 3.59675e-05 0.00262863 -0.000131118 0.00163954 -0.000112665 -0.00499023 0.000241195 0.00141221 -6.67244e-05 
0.000735658 -7.38824e-05 -0.00142529 -0.000892295 -0.00163052 0.00119919 -0.00677861 0.00741112 0.000615683 -0.00627446 0.00157921 -0.000676319 -0.000131118 0.00133623 0.00606031 -9.09206e-05 0.00178444 -0.00276781 -0.000809768 0.000829141 
0.00357467 0.000341359 -0.00870744 -0.00545183 -0.0061412 0.00403387 -0.021357 0.0279926 -0.00769871 -0.0284571 0.00678276 -0.00166245 0.00163954 0.00606031 0.0303388 0.00520734 0.00421653 -0.0111482 -0.00264798 0.00308403 
0.000632116 0.0069263 -0.00122468 -0.0143142 -0.00140103 -0.0144566 -0.00582454 -0.0580041 0.000529035 0.000426932 0.00135694 0.014421 -0.000112665 -9.09206e-05 0.00520734 0.057506 0.00153329 0.0145633 -0.000695796 -0.00697769 
