 Dy = 6.06729e-05 0.00017787 2.15322e-05 1.05406e-05 4.67909e-05 5.55095e-05 -1.08366e-05 4.98933e-05 -7.28136e-06 7.73261e-06 -2.63111e-06 9.1172e-06 
 Dy = -6.08203e-09 7.31621e-09 6.45143e-11 2.70258e-10 -7.51217e-10 2.66223e-09 -2.04817e-09 1.05994e-10 -1.60937e-10 -8.9104e-11 -3.48572e-10 -2.39098e-10 
