Iteração =X
Elemento =0
Grau do Polinomio aproximador =3
Numero de nós =10
Coordenadas Adimensionais dos Nós
0 Xsi[0][0]=0   Xsi[0][1]=0   
1 Xsi[1][0]=0.333333   Xsi[1][1]=0   
2 Xsi[2][0]=0   Xsi[2][1]=0.333333   
3 Xsi[3][0]=0.666667   Xsi[3][1]=0   
4 Xsi[4][0]=0.333333   Xsi[4][1]=0.333333   
5 Xsi[5][0]=0   Xsi[5][1]=0.666667   
6 Xsi[6][0]=1   Xsi[6][1]=0   
7 Xsi[7][0]=0.666667   Xsi[7][1]=0.333333   
8 Xsi[8][0]=0.333333   Xsi[8][1]=0.666667   
9 Xsi[9][0]=0   Xsi[9][1]=1   
Ponto de integracao No. =0
Valores das funcoes de forma no ponto de Integracao atual(PHI) :
-3.05311e-15 9.88098e-15 1.00475e-14 -4.71845e-15 1 -4.82947e-15 1.60982e-15 -4.996e-15 -4.94049e-15 1.60982e-15 
Valores das derivadas direcionais das funcoes de forma no ponto de Integracao atual(DPHI):
0.5 -1.5 -1.5 1.5 9.05942e-14 1.4877e-14 -0.5 1.5 -1.4877e-14 0 
0.5 -1.5 -1.5 1.4877e-14 9.01501e-14 1.5 0 -1.4877e-14 1.5 -0.5 
 X= 
0.5 0.166667 
 J0= 0.5
 Y= 
0.5 0.166667 
Matriz A1= 
1 0.5 
1.4803e-16 0.5 
 J1= 0.5
 A= 
1 0 
0 1 
 C= 
1 0 
0 1 
 E= 
0 0 0 0 
 S= 
0 0 0 0 
 CC= 
1 0 0 0 
0 1 0 0 
0 0 0.5 0.5 
0 0 0.5 0.5 
 fint= 0 0 0 0 0 0 0 0 0 0 0 0 0 0 0 0 0 0 0 0 
 h= 
0.375 0.125 -1.125 -0.375 -1.125 -0.375 0.375 0.375 6.77236e-14 2.26485e-14 0.75 3.60822e-15 -0.125 -0.125 0.375 0.375 0.75 -3.83027e-15 -0.25 3.70074e-17 
0.125 0.375 -0.375 -1.125 -0.375 -1.125 -0.375 -0.375 2.24265e-14 6.75016e-14 0.75 1.5 0.125 0.125 -0.375 -0.375 0.75 1.5 -0.25 -0.5 
-1.125 -0.375 3.375 1.125 3.375 1.125 -1.125 -1.125 -2.03171e-13 -6.79456e-14 -2.25 -1.08247e-14 0.375 0.375 -1.125 -1.125 -2.25 1.14908e-14 0.75 -1.11022e-16 
-0.375 -1.125 1.125 3.375 1.125 3.375 1.125 1.125 -6.72795e-14 -2.02505e-13 -2.25 -4.5 -0.375 -0.375 1.125 1.125 -2.25 -4.5 0.75 1.5 
-1.125 -0.375 3.375 1.125 3.375 1.125 -1.125 -1.125 -2.03171e-13 -6.79456e-14 -2.25 -1.08247e-14 0.375 0.375 -1.125 -1.125 -2.25 1.14908e-14 0.75 -1.11022e-16 
-0.375 -1.125 1.125 3.375 1.125 3.375 1.125 1.125 -6.72795e-14 -2.02505e-13 -2.25 -4.5 -0.375 -0.375 1.125 1.125 -2.25 -4.5 0.75 1.5 
0.375 -0.375 -1.125 1.125 -1.125 1.125 3.375 -1.125 6.86118e-14 -6.79456e-14 -2.25 -1.08247e-14 -1.125 0.375 3.375 -1.125 -2.25 1.14908e-14 0.75 -1.11022e-16 
0.375 -0.375 -1.125 1.125 -1.125 1.125 -1.125 3.375 6.72795e-14 -6.66134e-14 2.25 -4.5 0.375 -1.125 -1.125 3.375 2.25 -4.5 -0.75 1.5 
6.77236e-14 2.24265e-14 -2.03171e-13 -6.72795e-14 -2.03171e-13 -6.72795e-14 6.86118e-14 6.72795e-14 1.22309e-26 4.06342e-27 1.34559e-13 6.47359e-28 -2.28706e-14 -2.24265e-14 6.86118e-14 6.72795e-14 1.34559e-13 -6.87196e-28 -4.4853e-14 6.63958e-30 
2.26485e-14 6.75016e-14 -6.79456e-14 -2.02505e-13 -6.79456e-14 -2.02505e-13 -6.79456e-14 -6.66134e-14 4.06342e-27 1.21508e-26 1.35891e-13 2.69118e-13 2.26485e-14 2.22045e-14 -6.79456e-14 -6.66134e-14 1.35891e-13 2.69118e-13 -4.52971e-14 -8.9706e-14 
0.75 0.75 -2.25 -2.25 -2.25 -2.25 -2.25 2.25 1.34559e-13 1.35891e-13 4.5 2.16493e-14 0.75 -0.75 -2.25 2.25 4.5 -2.29816e-14 -1.5 2.22045e-16 
3.60822e-15 1.5 -1.08247e-14 -4.5 -1.08247e-14 -4.5 -1.08247e-14 -4.5 6.47359e-28 2.69118e-13 2.16493e-14 9 3.60822e-15 1.5 -1.08247e-14 -4.5 2.16493e-14 9 -7.21645e-15 -3 
-0.125 0.125 0.375 -0.375 0.375 -0.375 -1.125 0.375 -2.28706e-14 2.26485e-14 0.75 3.60822e-15 0.375 -0.125 -1.125 0.375 0.75 -3.83027e-15 -0.25 3.70074e-17 
-0.125 0.125 0.375 -0.375 0.375 -0.375 0.375 -1.125 -2.24265e-14 2.22045e-14 -0.75 1.5 -0.125 0.375 0.375 -1.125 -0.75 1.5 0.25 -0.5 
0.375 -0.375 -1.125 1.125 -1.125 1.125 3.375 -1.125 6.86118e-14 -6.79456e-14 -2.25 -1.08247e-14 -1.125 0.375 3.375 -1.125 -2.25 1.14908e-14 0.75 -1.11022e-16 
0.375 -0.375 -1.125 1.125 -1.125 1.125 -1.125 3.375 6.72795e-14 -6.66134e-14 2.25 -4.5 0.375 -1.125 -1.125 3.375 2.25 -4.5 -0.75 1.5 
0.75 0.75 -2.25 -2.25 -2.25 -2.25 -2.25 2.25 1.34559e-13 1.35891e-13 4.5 2.16493e-14 0.75 -0.75 -2.25 2.25 4.5 -2.29816e-14 -1.5 2.22045e-16 
-3.83027e-15 1.5 1.14908e-14 -4.5 1.14908e-14 -4.5 1.14908e-14 -4.5 -6.87196e-28 2.69118e-13 -2.29816e-14 9 -3.83027e-15 1.5 1.14908e-14 -4.5 -2.29816e-14 9 7.66054e-15 -3 
-0.25 -0.25 0.75 0.75 0.75 0.75 0.75 -0.75 -4.4853e-14 -4.52971e-14 -1.5 -7.21645e-15 -0.25 0.25 0.75 -0.75 -1.5 7.66054e-15 0.5 -7.40149e-17 
3.70074e-17 -0.5 -1.11022e-16 1.5 -1.11022e-16 1.5 -1.11022e-16 1.5 6.63958e-30 -8.9706e-14 2.22045e-16 -3 3.70074e-17 -0.5 -1.11022e-16 1.5 2.22045e-16 -3 -7.40149e-17 1 
 ue[0]=0 J0=0.5 W[i]=-0.28125

Ponto de integracao No. =1
Valores das funcoes de forma no ponto de Integracao atual(PHI) :
0.056 -0.216 -0.072 0.432 0.648 -0.072 -0.048 0.432 -0.216 0.056 
Valores das derivadas direcionais das funcoes de forma no ponto de Integracao atual(DPHI):
0.26 -0.9 -0.18 0.18 -2.16 0.36 0.46 2.34 -0.36 0 
0.26 -0.54 -0.54 -2.16 0 0.54 0 2.16 0.54 -0.26 
 X= 
0.7 0.1 
 J0= 0.5
 Y= 
0.7 0.1 
Matriz A1= 
1 0.5 
1.11022e-16 0.5 
 J1= 0.5
 A= 
1 0 
0 1 
 C= 
1 0 
0 1 
 E= 
-1.11022e-16 -1.11022e-16 0 0 
 S= 
-1.11022e-16 -1.11022e-16 0 0 
 CC= 
1 0 0 0 
0 1 0 0 
0 0 0.5 0.5 
0 0 0.5 0.5 
 fint= -2.88658e-17 -2.88658e-17 9.99201e-17 1.9984e-17 1.9984e-17 9.99201e-17 -1.9984e-17 4.996e-16 2.39808e-16 -2.39808e-16 -3.9968e-17 -7.99361e-17 -5.10703e-17 5.10703e-17 -2.59792e-16 -2.19824e-16 3.9968e-17 -1.59872e-16 -6.40949e-33 5.77316e-17 
 h= 
0.1014 0.0338 -0.2574 -0.117 -0.1638 -0.0234 -0.5382 0.0234 -0.2808 -0.2808 0.1872 0.0468 0.0598 0.0598 0.8658 0.3042 0.0936 -0.0468 -0.0676 7.50511e-18 
0.0338 0.1014 -0.0234 -0.1638 -0.117 -0.2574 -0.585 -1.1466 0.2808 0.2808 0.0936 0.234 -0.0598 -0.0598 0.2574 0.819 0.1872 0.3276 -0.0676 -0.1352 
-0.2574 -0.0234 0.8262 0.081 0.243 0.0162 0.243 -0.0162 1.7496 0.1944 -0.3888 -0.0324 -0.3726 -0.0414 -2.2842 -0.2106 0.1944 0.0324 0.0468 -5.19584e-18 
-0.117 -0.1638 0.081 0.4374 0.405 0.243 2.025 0.729 -0.972 0.5832 -0.324 -0.2916 0.207 -0.1242 -0.891 -1.4094 -0.648 -0.0972 0.234 0.0936 
-0.1638 -0.117 0.243 0.405 0.4374 0.081 1.9926 -0.081 -0.5832 0.972 -0.3888 -0.162 0.1242 -0.207 -1.3122 -1.053 -0.5832 0.162 0.234 -2.59792e-17 
-0.0234 -0.2574 0.0162 0.243 0.081 0.8262 0.405 4.0338 -0.1944 -1.7496 -0.0648 -0.6804 0.0414 0.3726 -0.1782 -1.9926 -0.1296 -1.2636 0.0468 0.468 
-0.5382 -0.585 0.243 2.025 1.9926 0.405 10.1574 -0.405 -5.2488 4.86 -1.5552 -0.81 1.1178 -1.035 -4.0338 -5.265 -3.3048 0.81 1.17 -1.29896e-16 
0.0234 -1.1466 -0.0162 0.729 -0.081 4.0338 -0.405 20.2662 0.1944 -9.9144 0.0648 -3.2076 -0.0414 2.1114 0.1782 -8.6994 0.1296 -6.5124 -0.0468 2.34 
-0.2808 0.2808 1.7496 -0.972 -0.5832 -0.1944 -5.2488 0.1944 6.9984 -2.3328 -2.51986e-11 0.3888 -1.4904 0.4968 -2.916 2.5272 2.3328 -0.3888 -0.5616 6.23501e-17 
-0.2808 0.2808 0.1944 0.5832 0.972 -1.7496 4.86 -9.9144 -2.3328 6.9984 -0.7776 1.1664 0.4968 -1.4904 -2.1384 1.7496 -1.5552 3.4992 0.5616 -1.1232 
0.1872 0.0936 -0.3888 -0.324 -0.3888 -0.0648 -1.5552 0.0648 -2.51986e-11 -0.7776 0.3888 0.1296 5.36634e-12 0.1656 1.5552 0.8424 0.3888 -0.1296 -0.1872 2.07834e-17 
0.0468 0.234 -0.0324 -0.2916 -0.162 -0.6804 -0.81 -3.2076 0.3888 1.1664 0.1296 0.5832 -0.0828 -0.2484 0.3564 1.8468 0.2592 0.972 -0.0936 -0.3744 
0.0598 -0.0598 -0.3726 0.207 0.1242 0.0414 1.1178 -0.0414 -1.4904 0.4968 5.36634e-12 -0.0828 0.3174 -0.1058 0.621 -0.5382 -0.4968 0.0828 0.1196 -1.32783e-17 
0.0598 -0.0598 -0.0414 -0.1242 -0.207 0.3726 -1.035 2.1114 0.4968 -1.4904 0.1656 -0.2484 -0.1058 0.3174 0.4554 -0.3726 0.3312 -0.7452 -0.1196 0.2392 
0.8658 0.2574 -2.2842 -0.891 -1.3122 -0.1782 -4.0338 0.1782 -2.916 -2.1384 1.5552 0.3564 0.621 0.4554 7.4358 2.3166 0.5832 -0.3564 -0.5148 5.71543e-17 
0.3042 0.819 -0.2106 -1.4094 -1.053 -1.9926 -5.265 -8.6994 2.5272 1.7496 0.8424 1.8468 -0.5382 -0.3726 2.3166 6.6582 1.6848 2.43 -0.6084 -1.0296 
0.0936 0.1872 0.1944 -0.648 -0.5832 -0.1296 -3.3048 0.1296 2.3328 -1.5552 0.3888 0.2592 -0.4968 0.3312 0.5832 1.6848 1.1664 -0.2592 -0.3744 4.15668e-17 
-0.0468 0.3276 0.0324 -0.0972 0.162 -1.2636 0.81 -6.5124 -0.3888 3.4992 -0.1296 0.972 0.0828 -0.7452 -0.3564 2.43 -0.2592 2.1384 0.0936 -0.7488 
-0.0676 -0.0676 0.0468 0.234 0.234 0.0468 1.17 -0.0468 -0.5616 0.5616 -0.1872 -0.0936 0.1196 -0.1196 -0.5148 -0.6084 -0.3744 0.0936 0.1352 -1.50102e-17 
7.50511e-18 -0.1352 -5.19584e-18 0.0936 -2.59792e-17 0.468 -1.29896e-16 2.34 6.23501e-17 -1.1232 2.07834e-17 -0.3744 -1.32783e-17 0.2392 5.71543e-17 -1.0296 4.15668e-17 -0.7488 -1.50102e-17 0.2704 
 ue[1]=1.2326e-32 J0=0.5 W[i]=0.260417

Ponto de integracao No. =2
Valores das funcoes de forma no ponto de Integracao atual(PHI) :
-0.048 0.432 0.432 -0.216 0.648 -0.216 0.056 -0.072 -0.072 0.056 
Valores das derivadas direcionais das funcoes de forma no ponto de Integracao atual(DPHI):
-0.46 -0.18 -2.34 0.9 2.16 0.36 -0.26 0.18 -0.36 0 
-0.46 -2.34 -0.18 0.36 2.16 0.9 0 -0.36 0.18 -0.26 
 X= 
0.3 0.1 
 J0= 0.5
 Y= 
0.3 0.1 
Matriz A1= 
1 0.5 
6.93889e-17 0.5 
 J1= 0.5
 A= 
1 0 
0 1 
 C= 
1 0 
0 1 
 E= 
-1.11022e-16 -1.11022e-16 0 0 
 S= 
-1.11022e-16 -1.11022e-16 0 0 
 CC= 
1 0 0 0 
0 1 0 0 
0 0 0.5 0.5 
0 0 0.5 0.5 
 fint= 5.10703e-17 5.10703e-17 1.9984e-17 4.996e-16 2.59792e-16 -2.19824e-16 -9.99201e-17 1.9984e-17 -2.39808e-16 -2.39808e-16 -3.9968e-17 -1.59872e-16 2.88658e-17 -2.88658e-17 -1.9984e-17 9.99201e-17 3.9968e-17 -7.99361e-17 -4.00593e-33 5.77316e-17 
 h= 
0.3174 0.1058 1.1178 0.0414 0.621 0.5382 -0.3726 -0.207 -1.4904 -0.4968 -0.4968 -0.0828 0.0598 0.0598 0.1242 -0.0414 5.36548e-12 0.0828 0.1196 -8.29892e-18 
0.1058 0.3174 1.035 2.1114 -0.4554 -0.3726 0.0414 -0.1242 -0.4968 -1.4904 -0.3312 -0.7452 -0.0598 -0.0598 0.207 0.3726 -0.1656 -0.2484 0.1196 0.2392 
1.1178 1.035 10.1574 0.405 -4.0338 5.265 0.243 -2.025 -5.2488 -4.86 -3.3048 -0.81 -0.5382 0.585 1.9926 -0.405 -1.5552 0.81 1.17 -8.11851e-17 
0.0414 2.1114 0.405 20.2662 -0.1782 -8.6994 0.0162 0.729 -0.1944 -9.9144 -0.1296 -6.5124 -0.0234 -1.1466 0.081 4.0338 -0.0648 -3.2076 0.0468 2.34 
0.621 -0.4554 -4.0338 -0.1782 7.4358 -2.3166 -2.2842 0.891 -2.916 2.1384 0.5832 0.3564 0.8658 -0.2574 -1.3122 0.1782 1.5552 -0.3564 -0.5148 3.57214e-17 
0.5382 -0.3726 5.265 -8.6994 -2.3166 6.6582 0.2106 -1.4094 -2.5272 1.7496 -1.6848 2.43 -0.3042 0.819 1.053 -1.9926 -0.8424 1.8468 0.6084 -1.0296 
-0.3726 0.0414 0.243 0.0162 -2.2842 0.2106 0.8262 -0.081 1.7496 -0.1944 0.1944 -0.0324 -0.2574 0.0234 0.243 -0.0162 -0.3888 0.0324 0.0468 -3.2474e-18 
-0.207 -0.1242 -2.025 0.729 0.891 -1.4094 -0.081 0.4374 0.972 0.5832 0.648 -0.0972 0.117 -0.1638 -0.405 0.243 0.324 -0.2916 -0.234 0.0936 
-1.4904 -0.4968 -5.2488 -0.1944 -2.916 -2.5272 1.7496 0.972 6.9984 2.3328 2.3328 0.3888 -0.2808 -0.2808 -0.5832 0.1944 -2.51942e-11 -0.3888 -0.5616 3.89688e-17 
-0.4968 -1.4904 -4.86 -9.9144 2.1384 1.7496 -0.1944 0.5832 2.3328 6.9984 1.5552 3.4992 0.2808 0.2808 -0.972 -1.7496 0.7776 1.1664 -0.5616 -1.1232 
-0.4968 -0.3312 -3.3048 -0.1296 0.5832 -1.6848 0.1944 0.648 2.3328 1.5552 1.1664 0.2592 0.0936 -0.1872 -0.5832 0.1296 0.3888 -0.2592 -0.3744 2.59792e-17 
-0.0828 -0.7452 -0.81 -6.5124 0.3564 2.43 -0.0324 -0.0972 0.3888 3.4992 0.2592 2.1384 0.0468 0.3276 -0.162 -1.2636 0.1296 0.972 -0.0936 -0.7488 
0.0598 -0.0598 -0.5382 -0.0234 0.8658 -0.3042 -0.2574 0.117 -0.2808 0.2808 0.0936 0.0468 0.1014 -0.0338 -0.1638 0.0234 0.1872 -0.0468 -0.0676 4.69069e-18 
0.0598 -0.0598 0.585 -1.1466 -0.2574 0.819 0.0234 -0.1638 -0.2808 0.2808 -0.1872 0.3276 -0.0338 0.1014 0.117 -0.2574 -0.0936 0.234 0.0676 -0.1352 
0.1242 0.207 1.9926 0.081 -1.3122 1.053 0.243 -0.405 -0.5832 -0.972 -0.5832 -0.162 -0.1638 0.117 0.4374 -0.081 -0.3888 0.162 0.234 -1.6237e-17 
-0.0414 0.3726 -0.405 4.0338 0.1782 -1.9926 -0.0162 0.243 0.1944 -1.7496 0.1296 -1.2636 0.0234 -0.2574 -0.081 0.8262 0.0648 -0.6804 -0.0468 0.468 
5.36548e-12 -0.1656 -1.5552 -0.0648 1.5552 -0.8424 -0.3888 0.324 -2.51942e-11 0.7776 0.3888 0.1296 0.1872 -0.0936 -0.3888 0.0648 0.3888 -0.1296 -0.1872 1.29896e-17 
0.0828 -0.2484 0.81 -3.2076 -0.3564 1.8468 0.0324 -0.2916 -0.3888 1.1664 -0.2592 0.972 -0.0468 0.234 0.162 -0.6804 -0.1296 0.5832 0.0936 -0.3744 
0.1196 0.1196 1.17 0.0468 -0.5148 0.6084 0.0468 -0.234 -0.5616 -0.5616 -0.3744 -0.0936 -0.0676 0.0676 0.234 -0.0468 -0.1872 0.0936 0.1352 -9.38138e-18 
-8.29892e-18 0.2392 -8.11851e-17 2.34 3.57214e-17 -1.0296 -3.2474e-18 0.0936 3.89688e-17 -1.1232 2.59792e-17 -0.7488 4.69069e-18 -0.1352 -1.6237e-17 0.468 1.29896e-17 -0.3744 -9.38138e-18 0.2704 
 ue[2]=1.2326e-32 J0=0.5 W[i]=0.260417

Ponto de integracao No. =3
Valores das funcoes de forma no ponto de Integracao atual(PHI) :
0.056 -0.072 -0.216 -0.072 0.648 0.432 0.056 -0.216 0.432 -0.048 
Valores das derivadas direcionais das funcoes de forma no ponto de Integracao atual(DPHI):
0.26 -0.54 -0.54 0.54 0 -2.16 -0.26 0.54 2.16 0 
0.26 -0.18 -0.9 0.36 -2.16 0.18 0 -0.36 2.34 0.46 
 X= 
0.5 0.3 
 J0= 0.5
 Y= 
0.5 0.3 
Matriz A1= 
1 0.5 
-1.11022e-16 0.5 
 J1= 0.5
 A= 
1 0 
1.2326e-32 1 
 C= 
1 1.2326e-32 
1.2326e-32 1 
 E= 
0 2.22045e-16 6.16298e-33 6.16298e-33 
 S= 
0 2.22045e-16 6.16298e-33 6.16298e-33 
 CC= 
1 0 0 0 
0 1 0 0 
0 0 0.5 0.5 
0 0 0.5 0.5 
 fint= 1.60237e-33 5.77316e-17 1.10934e-33 3.9968e-17 -7.76535e-33 -2.79776e-16 1.10934e-33 3.9968e-17 -2.66241e-32 -9.59233e-16 1.55307e-32 5.59552e-16 1.60237e-33 5.77316e-17 -7.76535e-33 -2.79776e-16 1.55307e-32 5.59552e-16 5.66994e-33 2.04281e-16 
 h= 
0.1014 0.0338 -0.117 -0.0702 -0.3042 -0.0702 0.1638 0.0702 -0.5616 -6.23501e-17 -0.234 -0.2808 -0.0338 -0.0338 -0.0234 0.0702 0.8892 0.2808 0.1196 1.32783e-17 
0.0338 0.1014 0.0234 -0.0234 -0.1638 -0.3978 0.0234 0.117 -0.5616 -1.1232 0.3276 0.3744 0.0338 0.0338 -0.1638 -0.2574 0.3276 0.936 0.1196 0.2392 
-0.117 0.0234 0.3078 -0.0486 0.1782 -0.0486 -0.2754 0.0486 -0.3888 -4.31655e-17 1.3932 -0.1944 0.1638 -0.0234 -0.405 0.0486 -0.9396 0.1944 0.0828 9.19265e-18 
-0.0702 -0.0234 -0.0486 0.1782 0.3402 -0.081 -0.0486 -0.1134 1.1664 -0.7776 -0.6804 1.0368 -0.0702 0.117 0.3402 -0.3726 -0.6804 -0.1296 -0.2484 0.1656 
-0.3042 -0.1638 0.1782 0.3402 1.0854 0.3402 -0.405 -0.3402 2.7216 3.02158e-16 -0.4212 1.3608 -0.0234 0.1638 0.5022 -0.3402 -2.754 -1.3608 -0.5796 -6.43485e-17 
-0.0702 -0.3978 -0.0486 -0.081 0.3402 1.7334 -0.0486 -0.3726 1.1664 5.4432 -0.6804 -2.592 -0.0702 -0.2574 0.3402 1.4418 -0.6804 -3.7584 -0.2484 -1.1592 
0.1638 0.0234 -0.2754 -0.0486 -0.405 -0.0486 0.3078 0.0486 -0.3888 -4.31655e-17 -0.9396 -0.1944 -0.117 -0.0234 0.1782 0.0486 1.3932 0.1944 0.0828 9.19265e-18 
0.0702 0.117 0.0486 -0.1134 -0.3402 -0.3726 0.0486 0.1782 -1.1664 -0.7776 0.6804 -0.1296 0.0702 -0.0234 -0.3402 -0.081 0.6804 1.0368 0.2484 0.1656 
-0.5616 -0.5616 -0.3888 1.1664 2.7216 1.1664 -0.3888 -1.1664 9.3312 1.03597e-15 -5.4432 4.6656 -0.5616 0.5616 2.7216 -1.1664 -5.4432 -4.6656 -1.9872 -2.20624e-16 
-6.23501e-17 -1.1232 -4.31655e-17 -0.7776 3.02158e-16 5.4432 -4.31655e-17 -0.7776 1.03597e-15 18.6624 -6.04317e-16 -10.8864 -6.23501e-17 -1.1232 3.02158e-16 5.4432 -6.04317e-16 -10.8864 -2.20624e-16 -3.9744 
-0.234 0.3276 1.3932 -0.6804 -0.4212 -0.6804 -0.9396 0.6804 -5.4432 -6.04317e-16 7.8408 -2.7216 0.8892 -0.3276 -2.754 0.6804 -1.4904 2.7216 1.1592 1.28697e-16 
-0.2808 0.3744 -0.1944 1.0368 1.3608 -2.592 -0.1944 -0.1296 4.6656 -10.8864 -2.7216 8.6832 -0.2808 0.936 1.3608 -3.7584 -2.7216 4.0176 -0.9936 2.3184 
-0.0338 0.0338 0.1638 -0.0702 -0.0234 -0.0702 -0.117 0.0702 -0.5616 -6.23501e-17 0.8892 -0.2808 0.1014 -0.0338 -0.3042 0.0702 -0.234 0.2808 0.1196 1.32783e-17 
-0.0338 0.0338 -0.0234 0.117 0.1638 -0.2574 -0.0234 -0.0234 0.5616 -1.1232 -0.3276 0.936 -0.0338 0.1014 0.1638 -0.3978 -0.3276 0.3744 -0.1196 0.2392 
-0.0234 -0.1638 -0.405 0.3402 0.5022 0.3402 0.1782 -0.3402 2.7216 3.02158e-16 -2.754 1.3608 -0.3042 0.1638 1.0854 -0.3402 -0.4212 -1.3608 -0.5796 -6.43485e-17 
0.0702 -0.2574 0.0486 -0.3726 -0.3402 1.4418 0.0486 -0.081 -1.1664 5.4432 0.6804 -3.7584 0.0702 -0.3978 -0.3402 1.7334 0.6804 -2.592 0.2484 -1.1592 
0.8892 0.3276 -0.9396 -0.6804 -2.754 -0.6804 1.3932 0.6804 -5.4432 -6.04317e-16 -1.4904 -2.7216 -0.234 -0.3276 -0.4212 0.6804 7.8408 2.7216 1.1592 1.28697e-16 
0.2808 0.936 0.1944 -0.1296 -1.3608 -3.7584 0.1944 1.0368 -4.6656 -10.8864 2.7216 4.0176 0.2808 0.3744 -1.3608 -2.592 2.7216 8.6832 0.9936 2.3184 
0.1196 0.1196 0.0828 -0.2484 -0.5796 -0.2484 0.0828 0.2484 -1.9872 -2.20624e-16 1.1592 -0.9936 0.1196 -0.1196 -0.5796 0.2484 1.1592 0.9936 0.4232 4.69846e-17 
1.32783e-17 0.2392 9.19265e-18 0.1656 -6.43485e-17 -1.1592 9.19265e-18 0.1656 -2.20624e-16 -3.9744 1.28697e-16 2.3184 1.32783e-17 0.2392 -6.43485e-17 -1.1592 1.28697e-16 2.3184 4.69846e-17 0.8464 
 ue[3]=2.46519e-32 J0=0.5 W[i]=0.260417

 Ue= 6.41977e-33
 Fint= 
2.89121e-18 1.04083e-17 1.56125e-17 7.28584e-17 3.64292e-17 -5.20417e-17 -1.56125e-17 7.28584e-17 2.6963e-33 -1.8735e-16 -1.04083e-17 4.16334e-17 -2.89121e-18 1.04083e-17 -3.64292e-17 -5.20417e-17 1.04083e-17 4.16334e-17 -6.17903e-34 4.16334e-17 
 H= 
0.015 0.005 0.255 0.03375 0.178125 0.110625 -0.15 -0.0675 -0.30375 -0.10125 -0.17625 -0.04125 0.02875 0.02875 0.073125 -0.009375 0.0225 0.04125 0.0575 -3.57859e-18 
0.005 0.015 0.1875 0.40875 -0.043125 0.024375 -0.015 -0.0975 -0.10125 -0.30375 -0.09375 -0.22875 -0.02875 -0.02875 0.091875 0.174375 -0.06 -0.07875 0.0575 0.115 
0.255 0.1875 0.995625 -0.10125 -0.945 0.523125 0.185625 -0.10125 -0.50625 -0.6075 0.016875 -0.135 -0.15 0.015 0.0675 0.084375 0.016875 0.135 0.06375 5.56196e-18 
0.03375 0.40875 -0.10125 2.24437 -0.084375 -1.58625 0.10125 0.016875 3.28981e-12 -1.31625 0.16875 -0.118125 0.0675 -0.0975 -0.219375 0.135 0.135 0.185625 -0.10125 0.1275 
0.178125 -0.043125 -0.945 -0.084375 0.691875 -0.405 0.0675 0.219375 -0.10125 0.405 0.286875 0.2025 0.073125 -0.091875 -0.118125 -4.53804e-15 0.084375 -0.2025 -0.2175 8.50231e-18 
0.110625 0.024375 0.523125 -1.58625 -0.405 0.725625 -0.084375 0.135 -0.2025 0.70875 1.10681e-12 0.523125 0.009375 0.174375 -3.79557e-15 -0.489375 0.10125 0.219375 -0.0525 -0.435 
-0.15 -0.015 0.185625 0.10125 0.0675 -0.084375 0.995625 0.10125 -0.50625 0.6075 0.016875 -0.135 0.255 -0.1875 -0.945 -0.523125 0.016875 0.135 0.06375 -5.26922e-19 
-0.0675 -0.0975 -0.10125 0.016875 0.219375 0.135 0.10125 2.24437 -3.29056e-12 -1.31625 -0.135 0.185625 -0.03375 0.40875 0.084375 -1.58625 -0.16875 -0.118125 0.10125 0.1275 
-0.30375 -0.10125 -0.50625 3.28981e-12 -0.10125 -0.2025 -0.50625 -3.29056e-12 3.0375 -7.53286e-16 -0.405 0.70875 -0.30375 0.10125 -0.10125 0.2025 -0.405 -0.70875 -0.405 -1.55344e-17 
-0.10125 -0.30375 -0.6075 -1.31625 0.405 0.70875 0.6075 -1.31625 -7.53286e-16 4.2525 0.10125 -0.81 0.10125 -0.30375 -0.405 0.70875 -0.10125 -0.81 6.36893e-15 -0.81 
-0.17625 -0.09375 0.016875 0.16875 0.286875 1.10681e-12 0.016875 -0.135 -0.405 0.10125 0.590625 -0.30375 0.0225 0.06 0.084375 -0.10125 -0.725625 0.30375 0.28875 -8.37871e-18 
-0.04125 -0.22875 -0.135 -0.118125 0.2025 0.523125 -0.135 0.185625 0.70875 -0.81 -0.30375 0.219375 -0.04125 -0.07875 0.2025 0.219375 -0.30375 -0.489375 -0.15375 0.5775 
0.02875 -0.02875 -0.15 0.0675 0.073125 0.009375 0.255 -0.03375 -0.30375 0.10125 0.0225 -0.04125 0.015 -0.005 0.178125 -0.110625 -0.17625 0.04125 0.0575 -4.5934e-18 
0.02875 -0.02875 0.015 -0.0975 -0.091875 0.174375 -0.1875 0.40875 0.10125 -0.30375 0.06 -0.07875 -0.005 0.015 0.043125 0.024375 0.09375 -0.22875 -0.0575 0.115 
0.073125 0.091875 0.0675 -0.219375 -0.118125 -3.79557e-15 -0.945 0.084375 -0.10125 -0.405 0.084375 0.2025 0.178125 0.043125 0.691875 0.405 0.286875 -0.2025 -0.2175 1.25616e-17 
-0.009375 0.174375 0.084375 0.135 -4.53804e-15 -0.489375 -0.523125 -1.58625 0.2025 0.70875 -0.10125 0.219375 -0.110625 0.024375 0.405 0.725625 -1.07764e-12 0.523125 0.0525 -0.435 
0.0225 -0.06 0.016875 0.135 0.084375 0.10125 0.016875 -0.16875 -0.405 -0.10125 -0.725625 -0.30375 -0.17625 0.09375 0.286875 -1.07764e-12 0.590625 0.30375 0.28875 -7.3639e-18 
0.04125 -0.07875 0.135 0.185625 -0.2025 0.219375 0.135 -0.118125 -0.70875 -0.81 0.30375 -0.489375 0.04125 -0.22875 -0.2025 0.523125 0.30375 0.219375 0.15375 0.5775 
0.0575 0.0575 0.06375 -0.10125 -0.2175 -0.0525 0.06375 0.10125 -0.405 6.36893e-15 0.28875 -0.15375 0.0575 -0.0575 -0.2175 0.0525 0.28875 0.15375 0.02 1.33501e-17 
-3.57859e-18 0.115 5.56196e-18 0.1275 8.50231e-18 -0.435 -5.26922e-19 0.1275 -1.55344e-17 -0.81 -8.37871e-18 0.5775 -4.5934e-18 0.115 1.25616e-17 -0.435 -7.3639e-18 0.5775 1.33501e-17 0.04 
 M= 
0.00111667 0 -0.0048 0 -0.0048 0 0.003975 0 0.0054 0 0.003975 0 -0.000291667 0 0.002025 0 0.002025 0 -0.000291667 0 
0 0.00111667 0 -0.0048 0 -0.0048 0 0.003975 0 0.0054 0 0.003975 0 -0.000291667 0 0.002025 0 0.002025 0 -0.000291667 
-0.0048 0 0.03105 0 0.02835 0 -0.023625 0 0.01215 0 -0.014175 0 0.003975 0 -0.014175 0 -0.002025 0 0.002025 0 
0 -0.0048 0 0.03105 0 0.02835 0 -0.023625 0 0.01215 0 -0.014175 0 0.003975 0 -0.014175 0 -0.002025 0 0.002025 
-0.0048 0 0.02835 0 0.03105 0 -0.014175 0 0.01215 0 -0.023625 0 0.002025 0 -0.002025 0 -0.014175 0 0.003975 0 
0 -0.0048 0 0.02835 0 0.03105 0 -0.014175 0 0.01215 0 -0.023625 0 0.002025 0 -0.002025 0 -0.014175 0 0.003975 
0.003975 0 -0.023625 0 -0.014175 0 0.03105 0 0.01215 0 -0.002025 0 -0.0048 0 0.02835 0 -0.014175 0 0.002025 0 
0 0.003975 0 -0.023625 0 -0.014175 0 0.03105 0 0.01215 0 -0.002025 0 -0.0048 0 0.02835 0 -0.014175 0 0.002025 
0.0054 0 0.01215 0 0.01215 0 0.01215 0 0.0234 0 0.01215 0 0.0054 0 0.01215 0 0.01215 0 0.0054 0 
0 0.0054 0 0.01215 0 0.01215 0 0.01215 0 0.0234 0 0.01215 0 0.0054 0 0.01215 0 0.01215 0 0.0054 
0.003975 0 -0.014175 0 -0.023625 0 -0.002025 0 0.01215 0 0.03105 0 0.002025 0 -0.014175 0 0.02835 0 -0.0048 0 
0 0.003975 0 -0.014175 0 -0.023625 0 -0.002025 0 0.01215 0 0.03105 0 0.002025 0 -0.014175 0 0.02835 0 -0.0048 
-0.000291667 0 0.003975 0 0.002025 0 -0.0048 0 0.0054 0 0.002025 0 0.00111667 0 -0.0048 0 0.003975 0 -0.000291667 0 
0 -0.000291667 0 0.003975 0 0.002025 0 -0.0048 0 0.0054 0 0.002025 0 0.00111667 0 -0.0048 0 0.003975 0 -0.000291667 
0.002025 0 -0.014175 0 -0.002025 0 0.02835 0 0.01215 0 -0.014175 0 -0.0048 0 0.03105 0 -0.023625 0 0.003975 0 
0 0.002025 0 -0.014175 0 -0.002025 0 0.02835 0 0.01215 0 -0.014175 0 -0.0048 0 0.03105 0 -0.023625 0 0.003975 
0.002025 0 -0.002025 0 -0.014175 0 -0.014175 0 0.01215 0 0.02835 0 0.003975 0 -0.023625 0 0.03105 0 -0.0048 0 
0 0.002025 0 -0.002025 0 -0.014175 0 -0.014175 0 0.01215 0 0.02835 0 0.003975 0 -0.023625 0 0.03105 0 -0.0048 
-0.000291667 0 0.002025 0 0.003975 0 0.002025 0 0.0054 0 -0.0048 0 -0.000291667 0 0.003975 0 -0.0048 0 0.00111667 0 
0 -0.000291667 0 0.002025 0 0.003975 0 0.002025 0 0.0054 0 -0.0048 0 -0.000291667 0 0.003975 0 -0.0048 0 0.00111667 


Iteração =X
Elemento =1
Grau do Polinomio aproximador =3
Numero de nós =10
Coordenadas Adimensionais dos Nós
0 Xsi[0][0]=0   Xsi[0][1]=0   
1 Xsi[1][0]=0.333333   Xsi[1][1]=0   
2 Xsi[2][0]=0   Xsi[2][1]=0.333333   
3 Xsi[3][0]=0.666667   Xsi[3][1]=0   
4 Xsi[4][0]=0.333333   Xsi[4][1]=0.333333   
5 Xsi[5][0]=0   Xsi[5][1]=0.666667   
6 Xsi[6][0]=1   Xsi[6][1]=0   
7 Xsi[7][0]=0.666667   Xsi[7][1]=0.333333   
8 Xsi[8][0]=0.333333   Xsi[8][1]=0.666667   
9 Xsi[9][0]=0   Xsi[9][1]=1   
Ponto de integracao No. =0
Valores das funcoes de forma no ponto de Integracao atual(PHI) :
-3.05311e-15 9.88098e-15 1.00475e-14 -4.71845e-15 1 -4.82947e-15 1.60982e-15 -4.996e-15 -4.94049e-15 1.60982e-15 
Valores das derivadas direcionais das funcoes de forma no ponto de Integracao atual(DPHI):
0.5 -1.5 -1.5 1.5 9.05942e-14 1.4877e-14 -0.5 1.5 -1.4877e-14 0 
0.5 -1.5 -1.5 1.4877e-14 9.01501e-14 1.5 0 -1.4877e-14 1.5 -0.5 
 X= 
0.833333 0.5 
 J0= 0.5
 Y= 
0.833333 0.5 
Matriz A1= 
7.40149e-16 -0.5 
1 0.5 
 J1= 0.5
 A= 
1 -9.86076e-32 
0 1 
 C= 
1 -9.86076e-32 
-9.86076e-32 1 
 E= 
0 0 -4.93038e-32 -4.93038e-32 
 S= 
0 0 -4.93038e-32 -4.93038e-32 
 CC= 
1 0 0 0 
0 1 0 0 
0 0 0.5 0.5 
0 0 0.5 0.5 
 fint= -2.46519e-32 2.46519e-32 7.39557e-32 -7.39557e-32 7.39557e-32 -7.39557e-32 -7.39557e-32 -7.39557e-32 -4.46664e-45 4.42285e-45 -8.42969e-46 1.47911e-31 2.46519e-32 2.46519e-32 -7.39557e-32 -7.39557e-32 6.24016e-46 1.47911e-31 3.64921e-47 -4.93038e-32 
 h= 
0.375 -0.125 -1.125 0.375 -1.125 0.375 -0.375 0.375 6.75016e-14 -2.24265e-14 1.5 -0.75 0.125 -0.125 -0.375 0.375 1.5 -0.75 -0.5 0.25 
-0.125 0.375 0.375 -1.125 0.375 -1.125 -0.375 0.375 -2.26485e-14 6.77236e-14 -4.27436e-15 0.75 0.125 -0.125 -0.375 0.375 3.16414e-15 0.75 1.85037e-16 -0.25 
-1.125 0.375 3.375 -1.125 3.375 -1.125 1.125 -1.125 -2.02505e-13 6.72795e-14 -4.5 2.25 -0.375 0.375 1.125 -1.125 -4.5 2.25 1.5 -0.75 
0.375 -1.125 -1.125 3.375 -1.125 3.375 1.125 -1.125 6.79456e-14 -2.03171e-13 1.28231e-14 -2.25 -0.375 0.375 1.125 -1.125 -9.49241e-15 -2.25 -5.55112e-16 0.75 
-1.125 0.375 3.375 -1.125 3.375 -1.125 1.125 -1.125 -2.02505e-13 6.72795e-14 -4.5 2.25 -0.375 0.375 1.125 -1.125 -4.5 2.25 1.5 -0.75 
0.375 -1.125 -1.125 3.375 -1.125 3.375 1.125 -1.125 6.79456e-14 -2.03171e-13 1.28231e-14 -2.25 -0.375 0.375 1.125 -1.125 -9.49241e-15 -2.25 -5.55112e-16 0.75 
-0.375 -0.375 1.125 1.125 1.125 1.125 3.375 1.125 -6.66134e-14 -6.72795e-14 -4.5 -2.25 -1.125 -0.375 3.375 1.125 -4.5 -2.25 1.5 0.75 
0.375 0.375 -1.125 -1.125 -1.125 -1.125 1.125 3.375 6.79456e-14 6.86118e-14 1.28231e-14 -2.25 -0.375 -1.125 1.125 3.375 -9.49241e-15 -2.25 -5.55112e-16 0.75 
6.75016e-14 -2.26485e-14 -2.02505e-13 6.79456e-14 -2.02505e-13 6.79456e-14 -6.66134e-14 6.79456e-14 1.21508e-26 -4.06342e-27 2.69118e-13 -1.35891e-13 2.22045e-14 -2.26485e-14 -6.66134e-14 6.79456e-14 2.69118e-13 -1.35891e-13 -8.9706e-14 4.52971e-14 
-2.24265e-14 6.77236e-14 6.72795e-14 -2.03171e-13 6.72795e-14 -2.03171e-13 -6.72795e-14 6.86118e-14 -4.06342e-27 1.22309e-26 -7.66871e-28 1.34559e-13 2.24265e-14 -2.28706e-14 -6.72795e-14 6.86118e-14 5.67684e-28 1.34559e-13 3.31979e-29 -4.4853e-14 
1.5 -4.27436e-15 -4.5 1.28231e-14 -4.5 1.28231e-14 -4.5 1.28231e-14 2.69118e-13 -7.66871e-28 9 -2.56462e-14 1.5 -4.27436e-15 -4.5 1.28231e-14 9 -2.56462e-14 -3 8.54872e-15 
-0.75 0.75 2.25 -2.25 2.25 -2.25 -2.25 -2.25 -1.35891e-13 1.34559e-13 -2.56462e-14 4.5 0.75 0.75 -2.25 -2.25 1.89848e-14 4.5 1.11022e-15 -1.5 
0.125 0.125 -0.375 -0.375 -0.375 -0.375 -1.125 -0.375 2.22045e-14 2.24265e-14 1.5 0.75 0.375 0.125 -1.125 -0.375 1.5 0.75 -0.5 -0.25 
-0.125 -0.125 0.375 0.375 0.375 0.375 -0.375 -1.125 -2.26485e-14 -2.28706e-14 -4.27436e-15 0.75 0.125 0.375 -0.375 -1.125 3.16414e-15 0.75 1.85037e-16 -0.25 
-0.375 -0.375 1.125 1.125 1.125 1.125 3.375 1.125 -6.66134e-14 -6.72795e-14 -4.5 -2.25 -1.125 -0.375 3.375 1.125 -4.5 -2.25 1.5 0.75 
0.375 0.375 -1.125 -1.125 -1.125 -1.125 1.125 3.375 6.79456e-14 6.86118e-14 1.28231e-14 -2.25 -0.375 -1.125 1.125 3.375 -9.49241e-15 -2.25 -5.55112e-16 0.75 
1.5 3.16414e-15 -4.5 -9.49241e-15 -4.5 -9.49241e-15 -4.5 -9.49241e-15 2.69118e-13 5.67684e-28 9 1.89848e-14 1.5 3.16414e-15 -4.5 -9.49241e-15 9 1.89848e-14 -3 -6.32827e-15 
-0.75 0.75 2.25 -2.25 2.25 -2.25 -2.25 -2.25 -1.35891e-13 1.34559e-13 -2.56462e-14 4.5 0.75 0.75 -2.25 -2.25 1.89848e-14 4.5 1.11022e-15 -1.5 
-0.5 1.85037e-16 1.5 -5.55112e-16 1.5 -5.55112e-16 1.5 -5.55112e-16 -8.9706e-14 3.31979e-29 -3 1.11022e-15 -0.5 1.85037e-16 1.5 -5.55112e-16 -3 1.11022e-15 1 -3.70074e-16 
0.25 -0.25 -0.75 0.75 -0.75 0.75 0.75 0.75 4.52971e-14 -4.4853e-14 8.54872e-15 -1.5 -0.25 -0.25 0.75 0.75 -6.32827e-15 -1.5 -3.70074e-16 0.5 
 ue[0]=2.43087e-63 J0=0.5 W[i]=-0.28125

Ponto de integracao No. =1
Valores das funcoes de forma no ponto de Integracao atual(PHI) :
0.056 -0.216 -0.072 0.432 0.648 -0.072 -0.048 0.432 -0.216 0.056 
Valores das derivadas direcionais das funcoes de forma no ponto de Integracao atual(DPHI):
0.26 -0.9 -0.18 0.18 -2.16 0.36 0.46 2.34 -0.36 0 
0.26 -0.54 -0.54 -2.16 0 0.54 0 2.16 0.54 -0.26 
 X= 
0.9 0.7 
 J0= 0.5
 Y= 
0.9 0.7 
Matriz A1= 
-4.41314e-15 -0.5 
1 0.5 
 J1= 0.5
 A= 
1 7.88861e-31 
0 1 
 C= 
1 7.88861e-31 
7.88861e-31 1 
 E= 
0 0 3.9443e-31 3.9443e-31 
 S= 
0 0 3.9443e-31 3.9443e-31 
 CC= 
1 0 0 0 
0 1 0 0 
0 0 0.5 0.5 
0 0 0.5 0.5 
 fint= 1.02552e-31 -1.02552e-31 -3.54987e-31 7.09975e-32 -7.09975e-32 3.54987e-31 7.09975e-32 1.77494e-30 -8.5197e-31 -8.5197e-31 1.41995e-31 -2.8399e-31 1.81438e-31 1.81438e-31 9.22967e-31 -7.80972e-31 -1.41995e-31 -5.6798e-31 9.05151e-46 2.05104e-31 
 h= 
0.1014 -0.0338 -0.1638 0.0234 -0.2574 0.117 -1.1466 0.585 0.2808 -0.2808 0.234 -0.0936 -0.0598 0.0598 0.819 -0.2574 0.3276 -0.1872 -0.1352 0.0676 
-0.0338 0.1014 0.117 -0.2574 0.0234 -0.1638 -0.0234 -0.5382 0.2808 -0.2808 -0.0468 0.1872 -0.0598 0.0598 -0.3042 0.8658 0.0468 0.0936 -2.98328e-16 -0.0676 
-0.1638 0.117 0.4374 -0.081 0.243 -0.405 0.729 -2.025 0.5832 0.972 -0.2916 0.324 -0.1242 -0.207 -1.4094 0.891 -0.0972 0.648 0.0936 -0.234 
0.0234 -0.2574 -0.081 0.8262 -0.0162 0.243 0.0162 0.243 -0.1944 1.7496 0.0324 -0.3888 0.0414 -0.3726 0.2106 -2.2842 -0.0324 0.1944 2.06535e-16 0.0468 
-0.2574 0.0234 0.243 -0.0162 0.8262 -0.081 4.0338 -0.405 -1.7496 0.1944 -0.6804 0.0648 0.3726 -0.0414 -1.9926 0.1782 -1.2636 0.1296 0.468 -0.0468 
0.117 -0.1638 -0.405 0.243 -0.081 0.4374 0.081 1.9926 -0.972 -0.5832 0.162 -0.3888 0.207 0.1242 1.053 -1.3122 -0.162 -0.5832 1.03267e-15 0.234 
-1.1466 -0.0234 0.729 0.0162 4.0338 0.081 20.2662 0.405 -9.9144 -0.1944 -3.2076 -0.0648 2.1114 0.0414 -8.6994 -0.1782 -6.5124 -0.1296 2.34 0.0468 
0.585 -0.5382 -2.025 0.243 -0.405 1.9926 0.405 10.1574 -4.86 -5.2488 0.81 -1.5552 1.035 1.1178 5.265 -4.0338 -0.81 -3.3048 5.16337e-15 1.17 
0.2808 0.2808 0.5832 -0.1944 -1.7496 -0.972 -9.9144 -4.86 6.9984 2.3328 1.1664 0.7776 -1.4904 -0.4968 1.7496 2.1384 3.4992 1.5552 -1.1232 -0.5616 
-0.2808 -0.2808 0.972 1.7496 0.1944 -0.5832 -0.1944 -5.2488 2.3328 6.9984 -0.3888 -2.51904e-11 -0.4968 -1.4904 -2.5272 -2.916 0.3888 2.3328 -2.47842e-15 -0.5616 
0.234 -0.0468 -0.2916 0.0324 -0.6804 0.162 -3.2076 0.81 1.1664 -0.3888 0.5832 -0.1296 -0.2484 0.0828 1.8468 -0.3564 0.972 -0.2592 -0.3744 0.0936 
-0.0936 0.1872 0.324 -0.3888 0.0648 -0.3888 -0.0648 -1.5552 0.7776 -2.51904e-11 -0.1296 0.3888 -0.1656 5.36463e-12 -0.8424 1.5552 0.1296 0.3888 -8.26139e-16 -0.1872 
-0.0598 -0.0598 -0.1242 0.0414 0.3726 0.207 2.1114 1.035 -1.4904 -0.4968 -0.2484 -0.1656 0.3174 0.1058 -0.3726 -0.4554 -0.7452 -0.3312 0.2392 0.1196 
0.0598 0.0598 -0.207 -0.3726 -0.0414 0.1242 0.0414 1.1178 -0.4968 -1.4904 0.0828 5.36463e-12 0.1058 0.3174 0.5382 0.621 -0.0828 -0.4968 5.27811e-16 0.1196 
0.819 -0.3042 -1.4094 0.2106 -1.9926 1.053 -8.6994 5.265 1.7496 -2.5272 1.8468 -0.8424 -0.3726 0.5382 6.6582 -2.3166 2.43 -1.6848 -1.0296 0.6084 
-0.2574 0.8658 0.891 -2.2842 0.1782 -1.3122 -0.1782 -4.0338 2.1384 -2.916 -0.3564 1.5552 -0.4554 0.621 -2.3166 7.4358 0.3564 0.5832 -2.27188e-15 -0.5148 
0.3276 0.0468 -0.0972 -0.0324 -1.2636 -0.162 -6.5124 -0.81 3.4992 0.3888 0.972 0.1296 -0.7452 -0.0828 2.43 0.3564 2.1384 0.2592 -0.7488 -0.0936 
-0.1872 0.0936 0.648 0.1944 0.1296 -0.5832 -0.1296 -3.3048 1.5552 2.3328 -0.2592 0.3888 -0.3312 -0.4968 -1.6848 0.5832 0.2592 1.1664 -1.65228e-15 -0.3744 
-0.1352 -2.98328e-16 0.0936 2.06535e-16 0.468 1.03267e-15 2.34 5.16337e-15 -1.1232 -2.47842e-15 -0.3744 -8.26139e-16 0.2392 5.27811e-16 -1.0296 -2.27188e-15 -0.7488 -1.65228e-15 0.2704 5.96656e-16 
0.0676 -0.0676 -0.234 0.0468 -0.0468 0.234 0.0468 1.17 -0.5616 -0.5616 0.0936 -0.1872 0.1196 0.1196 0.6084 -0.5148 -0.0936 -0.3744 5.96656e-16 0.1352 
 ue[1]=1.55575e-61 J0=0.5 W[i]=0.260417

Ponto de integracao No. =2
Valores das funcoes de forma no ponto de Integracao atual(PHI) :
-0.048 0.432 0.432 -0.216 0.648 -0.216 0.056 -0.072 -0.072 0.056 
Valores das derivadas direcionais das funcoes de forma no ponto de Integracao atual(DPHI):
-0.46 -0.18 -2.34 0.9 2.16 0.36 -0.26 0.18 -0.36 0 
-0.46 -2.34 -0.18 0.36 2.16 0.9 0 -0.36 0.18 -0.26 
 X= 
0.9 0.3 
 J0= 0.5
 Y= 
0.9 0.3 
Matriz A1= 
6.93889e-16 -0.5 
1 0.5 
 J1= 0.5
 A= 
1 0 
0 1 
 C= 
1 0 
0 1 
 E= 
0 0 0 0 
 S= 
0 0 0 0 
 CC= 
1 0 0 0 
0 1 0 0 
0 0 0.5 0.5 
0 0 0.5 0.5 
 fint= 0 0 0 0 0 0 0 0 0 0 0 0 0 0 0 0 0 0 0 0 
 h= 
0.3174 -0.1058 2.1114 -1.035 -0.3726 0.4554 -0.1242 -0.0414 -1.4904 0.4968 -0.7452 0.3312 -0.0598 0.0598 0.3726 -0.207 -0.2484 0.1656 0.2392 -0.1196 
-0.1058 0.3174 -0.0414 1.1178 -0.5382 0.621 0.207 -0.3726 0.4968 -1.4904 0.0828 -0.4968 -0.0598 0.0598 0.0414 0.1242 -0.0828 5.36493e-12 -8.29892e-17 0.1196 
2.1114 -0.0414 20.2662 -0.405 -8.6994 0.1782 0.729 -0.0162 -9.9144 0.1944 -6.5124 0.1296 -1.1466 0.0234 4.0338 -0.081 -3.2076 0.0648 2.34 -0.0468 
-1.035 1.1178 -0.405 10.1574 -5.265 -4.0338 2.025 0.243 4.86 -5.2488 0.81 -3.3048 -0.585 -0.5382 0.405 1.9926 -0.81 -1.5552 -8.11851e-16 1.17 
-0.3726 -0.5382 -8.6994 -5.265 6.6582 2.3166 -1.4094 -0.2106 1.7496 2.5272 2.43 1.6848 0.819 0.3042 -1.9926 -1.053 1.8468 0.8424 -1.0296 -0.6084 
0.4554 0.621 0.1782 -4.0338 2.3166 7.4358 -0.891 -2.2842 -2.1384 -2.916 -0.3564 0.5832 0.2574 0.8658 -0.1782 -1.3122 0.3564 1.5552 3.57214e-16 -0.5148 
-0.1242 0.207 0.729 2.025 -1.4094 -0.891 0.4374 0.081 0.5832 -0.972 -0.0972 -0.648 -0.1638 -0.117 0.243 0.405 -0.2916 -0.324 0.0936 0.234 
-0.0414 -0.3726 -0.0162 0.243 -0.2106 -2.2842 0.081 0.8262 0.1944 1.7496 0.0324 0.1944 -0.0234 -0.2574 0.0162 0.243 -0.0324 -0.3888 -3.2474e-17 0.0468 
-1.4904 0.4968 -9.9144 4.86 1.7496 -2.1384 0.5832 0.1944 6.9984 -2.3328 3.4992 -1.5552 0.2808 -0.2808 -1.7496 0.972 1.1664 -0.7776 -1.1232 0.5616 
0.4968 -1.4904 0.1944 -5.2488 2.5272 -2.916 -0.972 1.7496 -2.3328 6.9984 -0.3888 2.3328 0.2808 -0.2808 -0.1944 -0.5832 0.3888 -2.51921e-11 3.89688e-16 -0.5616 
-0.7452 0.0828 -6.5124 0.81 2.43 -0.3564 -0.0972 0.0324 3.4992 -0.3888 2.1384 -0.2592 0.3276 -0.0468 -1.2636 0.162 0.972 -0.1296 -0.7488 0.0936 
0.3312 -0.4968 0.1296 -3.3048 1.6848 0.5832 -0.648 0.1944 -1.5552 2.3328 -0.2592 1.1664 0.1872 0.0936 -0.1296 -0.5832 0.2592 0.3888 2.59792e-16 -0.3744 
-0.0598 -0.0598 -1.1466 -0.585 0.819 0.2574 -0.1638 -0.0234 0.2808 0.2808 0.3276 0.1872 0.1014 0.0338 -0.2574 -0.117 0.234 0.0936 -0.1352 -0.0676 
0.0598 0.0598 0.0234 -0.5382 0.3042 0.8658 -0.117 -0.2574 -0.2808 -0.2808 -0.0468 0.0936 0.0338 0.1014 -0.0234 -0.1638 0.0468 0.1872 4.69069e-17 -0.0676 
0.3726 0.0414 4.0338 0.405 -1.9926 -0.1782 0.243 0.0162 -1.7496 -0.1944 -1.2636 -0.1296 -0.2574 -0.0234 0.8262 0.081 -0.6804 -0.0648 0.468 0.0468 
-0.207 0.1242 -0.081 1.9926 -1.053 -1.3122 0.405 0.243 0.972 -0.5832 0.162 -0.5832 -0.117 -0.1638 0.081 0.4374 -0.162 -0.3888 -1.6237e-16 0.234 
-0.2484 -0.0828 -3.2076 -0.81 1.8468 0.3564 -0.2916 -0.0324 1.1664 0.3888 0.972 0.2592 0.234 0.0468 -0.6804 -0.162 0.5832 0.1296 -0.3744 -0.0936 
0.1656 5.36493e-12 0.0648 -1.5552 0.8424 1.5552 -0.324 -0.3888 -0.7776 -2.51921e-11 -0.1296 0.3888 0.0936 0.1872 -0.0648 -0.3888 0.1296 0.3888 1.29896e-16 -0.1872 
0.2392 -8.29892e-17 2.34 -8.11851e-16 -1.0296 3.57214e-16 0.0936 -3.2474e-17 -1.1232 3.89688e-16 -0.7488 2.59792e-16 -0.1352 4.69069e-17 0.468 -1.6237e-16 -0.3744 1.29896e-16 0.2704 -9.38138e-17 
-0.1196 0.1196 -0.0468 1.17 -0.6084 -0.5148 0.234 0.0468 0.5616 -0.5616 0.0936 -0.3744 -0.0676 -0.0676 0.0468 0.234 -0.0936 -0.1872 -9.38138e-17 0.1352 
 ue[2]=0 J0=0.5 W[i]=0.260417

Ponto de integracao No. =3
Valores das funcoes de forma no ponto de Integracao atual(PHI) :
0.056 -0.072 -0.216 -0.072 0.648 0.432 0.056 -0.216 0.432 -0.048 
Valores das derivadas direcionais das funcoes de forma no ponto de Integracao atual(DPHI):
0.26 -0.54 -0.54 0.54 0 -2.16 -0.26 0.54 2.16 0 
0.26 -0.18 -0.9 0.36 -2.16 0.18 0 -0.36 2.34 0.46 
 X= 
0.7 0.5 
 J0= 0.5
 Y= 
0.7 0.5 
Matriz A1= 
-1.55431e-15 -0.5 
1 0.5 
 J1= 0.5
 A= 
1 -1.97215e-31 
0 1 
 C= 
1 -1.97215e-31 
-1.97215e-31 1 
 E= 
0 0 -9.86076e-32 -9.86076e-32 
 S= 
0 0 -9.86076e-32 -9.86076e-32 
 CC= 
1 0 0 0 
0 1 0 0 
0 0 0.5 0.5 
0 0 0.5 0.5 
 fint= -2.5638e-32 2.5638e-32 5.32481e-32 1.77494e-32 5.32481e-32 -1.24246e-31 -5.32481e-32 1.77494e-32 -6.62114e-46 -4.25985e-31 2.12992e-31 2.48491e-31 2.5638e-32 2.5638e-32 -5.32481e-32 -1.24246e-31 -2.12992e-31 2.48491e-31 1.41006e-46 9.0719e-32 
 h= 
0.1014 -0.0338 -0.0234 -0.0234 -0.3978 0.1638 0.117 -0.0234 -1.1232 0.5616 0.3744 -0.3276 0.0338 -0.0338 -0.2574 0.1638 0.936 -0.3276 0.2392 -0.1196 
-0.0338 0.1014 0.0702 -0.117 0.0702 -0.3042 -0.0702 0.1638 -8.72902e-16 -0.5616 0.2808 -0.234 0.0338 -0.0338 -0.0702 -0.0234 -0.2808 0.8892 1.85896e-16 0.1196 
-0.0234 0.0702 0.1782 0.0486 -0.081 -0.3402 -0.1134 0.0486 -0.7776 -1.1664 1.0368 0.6804 0.117 0.0702 -0.3726 -0.3402 -0.1296 0.6804 0.1656 0.2484 
-0.0234 -0.117 0.0486 0.3078 0.0486 0.1782 -0.0486 -0.2754 -6.04317e-16 -0.3888 0.1944 1.3932 0.0234 0.1638 -0.0486 -0.405 -0.1944 -0.9396 1.28697e-16 0.0828 
-0.3978 0.0702 -0.081 0.0486 1.7334 -0.3402 -0.3726 0.0486 5.4432 -1.1664 -2.592 0.6804 -0.2574 0.0702 1.4418 -0.3402 -3.7584 0.6804 -1.1592 0.2484 
0.1638 -0.3042 -0.3402 0.1782 -0.3402 1.0854 0.3402 -0.405 4.23022e-15 2.7216 -1.3608 -0.4212 -0.1638 -0.0234 0.3402 0.5022 1.3608 -2.754 -9.00879e-16 -0.5796 
0.117 -0.0702 -0.1134 -0.0486 -0.3726 0.3402 0.1782 -0.0486 -0.7776 1.1664 -0.1296 -0.6804 -0.0234 -0.0702 -0.081 0.3402 1.0368 -0.6804 0.1656 -0.2484 
-0.0234 0.1638 0.0486 -0.2754 0.0486 -0.405 -0.0486 0.3078 -6.04317e-16 -0.3888 0.1944 -0.9396 0.0234 -0.117 -0.0486 0.1782 -0.1944 1.3932 1.28697e-16 0.0828 
-1.1232 -8.72902e-16 -0.7776 -6.04317e-16 5.4432 4.23022e-15 -0.7776 -6.04317e-16 18.6624 1.45036e-14 -10.8864 -8.46043e-15 -1.1232 -8.72902e-16 5.4432 4.23022e-15 -10.8864 -8.46043e-15 -3.9744 -3.08873e-15 
0.5616 -0.5616 -1.1664 -0.3888 -1.1664 2.7216 1.1664 -0.3888 1.45036e-14 9.3312 -4.6656 -5.4432 -0.5616 -0.5616 1.1664 2.7216 4.6656 -5.4432 -3.08873e-15 -1.9872 
0.3744 0.2808 1.0368 0.1944 -2.592 -1.3608 -0.1296 0.1944 -10.8864 -4.6656 8.6832 2.7216 0.936 0.2808 -3.7584 -1.3608 4.0176 2.7216 2.3184 0.9936 
-0.3276 -0.234 0.6804 1.3932 0.6804 -0.4212 -0.6804 -0.9396 -8.46043e-15 -5.4432 2.7216 7.8408 0.3276 0.8892 -0.6804 -2.754 -2.7216 -1.4904 1.80176e-15 1.1592 
0.0338 0.0338 0.117 0.0234 -0.2574 -0.1638 -0.0234 0.0234 -1.1232 -0.5616 0.936 0.3276 0.1014 0.0338 -0.3978 -0.1638 0.3744 0.3276 0.2392 0.1196 
-0.0338 -0.0338 0.0702 0.1638 0.0702 -0.0234 -0.0702 -0.117 -8.72902e-16 -0.5616 0.2808 0.8892 0.0338 0.1014 -0.0702 -0.3042 -0.2808 -0.234 1.85896e-16 0.1196 
-0.2574 -0.0702 -0.3726 -0.0486 1.4418 0.3402 -0.081 -0.0486 5.4432 1.1664 -3.7584 -0.6804 -0.3978 -0.0702 1.7334 0.3402 -2.592 -0.6804 -1.1592 -0.2484 
0.1638 -0.0234 -0.3402 -0.405 -0.3402 0.5022 0.3402 0.1782 4.23022e-15 2.7216 -1.3608 -2.754 -0.1638 -0.3042 0.3402 1.0854 1.3608 -0.4212 -9.00879e-16 -0.5796 
0.936 -0.2808 -0.1296 -0.1944 -3.7584 1.3608 1.0368 -0.1944 -10.8864 4.6656 4.0176 -2.7216 0.3744 -0.2808 -2.592 1.3608 8.6832 -2.7216 2.3184 -0.9936 
-0.3276 0.8892 0.6804 -0.9396 0.6804 -2.754 -0.6804 1.3932 -8.46043e-15 -5.4432 2.7216 -1.4904 0.3276 -0.234 -0.6804 -0.4212 -2.7216 7.8408 1.80176e-15 1.1592 
0.2392 1.85896e-16 0.1656 1.28697e-16 -1.1592 -9.00879e-16 0.1656 1.28697e-16 -3.9744 -3.08873e-15 2.3184 1.80176e-15 0.2392 1.85896e-16 -1.1592 -9.00879e-16 2.3184 1.80176e-15 0.8464 6.57785e-16 
-0.1196 0.1196 0.2484 0.0828 0.2484 -0.5796 -0.2484 0.0828 -3.08873e-15 -1.9872 0.9936 1.1592 0.1196 0.1196 -0.2484 -0.5796 -0.9936 1.1592 6.57785e-16 0.4232 
 ue[3]=9.72346e-63 J0=0.5 W[i]=0.260417

 Ue= 2.11814e-62
 Fint= 
1.34815e-32 -1.34815e-32 -4.9689e-32 2.19556e-32 -1.27111e-32 4.04445e-32 1.27111e-32 2.43823e-31 -1.10934e-31 -1.664e-31 4.62223e-32 -2.54223e-32 2.34963e-32 2.34963e-32 1.23645e-31 -1.07467e-31 -4.62223e-32 -6.24001e-32 1.31087e-46 4.54519e-32 
 H= 
0.015 -0.005 0.40875 -0.1875 0.024375 0.043125 -0.0975 0.015 -0.30375 0.10125 -0.22875 0.09375 -0.02875 0.02875 0.174375 -0.091875 -0.07875 0.06 0.115 -0.0575 
-0.005 0.015 -0.03375 0.255 -0.110625 0.178125 0.0675 -0.15 0.10125 -0.30375 0.04125 -0.17625 -0.02875 0.02875 0.009375 0.073125 -0.04125 0.0225 -5.14664e-17 0.0575 
0.40875 -0.03375 2.24437 0.10125 -1.58625 0.084375 0.016875 -0.10125 -1.31625 -3.28942e-12 -0.118125 -0.16875 -0.0975 -0.0675 0.135 0.219375 0.185625 -0.135 0.1275 0.10125 
-0.1875 0.255 0.10125 0.995625 -0.523125 -0.945 0.10125 0.185625 0.6075 -0.50625 0.135 0.016875 -0.015 -0.15 -0.084375 0.0675 -0.135 0.016875 1.60028e-17 0.06375 
0.024375 -0.110625 -1.58625 -0.523125 0.725625 0.405 0.135 0.084375 0.70875 0.2025 0.523125 -1.10749e-12 0.174375 -0.009375 -0.489375 3.61516e-15 0.219375 -0.10125 -0.435 0.0525 
