Iteração =X
Elemento =0
Grau do Polinomio aproximador =3
Numero de nós =10
Coordenadas Adimensionais dos Nós
0 Xsi[0][0]=0   Xsi[0][1]=0   
1 Xsi[1][0]=0.333333   Xsi[1][1]=0   
2 Xsi[2][0]=0   Xsi[2][1]=0.333333   
3 Xsi[3][0]=0.666667   Xsi[3][1]=0   
4 Xsi[4][0]=0.333333   Xsi[4][1]=0.333333   
5 Xsi[5][0]=0   Xsi[5][1]=0.666667   
6 Xsi[6][0]=1   Xsi[6][1]=0   
7 Xsi[7][0]=0.666667   Xsi[7][1]=0.333333   
8 Xsi[8][0]=0.333333   Xsi[8][1]=0.666667   
9 Xsi[9][0]=0   Xsi[9][1]=1   
Ponto de integracao No. =0
Valores das funcoes de forma no ponto de Integracao atual(PHI) :
-3.05311e-15 9.88098e-15 1.00475e-14 -4.71845e-15 1 -4.82947e-15 1.60982e-15 -4.996e-15 -4.94049e-15 1.60982e-15 
Valores das derivadas direcionais das funcoes de forma no ponto de Integracao atual(DPHI):
0.5 -1.5 -1.5 1.5 9.05942e-14 1.4877e-14 -0.5 1.5 -1.4877e-14 0 
0.5 -1.5 -1.5 1.4877e-14 9.01501e-14 1.5 0 -1.4877e-14 1.5 -0.5 
 X= 
3 3 
 J0= 81
 Y= 
3 3 
Matriz A1= 
9 -8.88178e-16 
-0.5 9 
 J1= 81
 A= 
1 0 
-0.0555556 1 
 C= 
1.00309 -0.0555556 
-0.0555556 1 
 E= 
0.00154321 0 -0.0277778 -0.0277778 
 S= 
0.00154321 0 -0.0277778 -0.0277778 
 CC= 
1 0 0 0 
0 1 0 0 
0 0 0.5 0.5 
0 0 0.5 0.5 
 fint= -0.00145748 -0.00146224 0.00437243 0.00438672 0.00437243 0.00438672 0.000257202 -0.00464392 -2.62707e-16 -2.65017e-16 -0.00462963 0.000257202 -8.57339e-05 0.00154797 0.000257202 -0.00464392 -0.00462963 0.000257202 0.00154321 -8.57339e-05 
 h= 
0.00446292 0.00128601 -0.0133888 -0.00385802 -0.0133888 -0.00385802 0.00901635 0.00411523 8.07336e-16 2.33086e-16 0.00437243 -0.000257202 -0.00300545 -0.00137174 0.00901635 0.00411523 0.00437243 -0.000257202 -0.00145748 8.57339e-05 
0.00128601 0.00430575 -0.00385802 -0.0129172 -0.00385802 -0.0129172 -0.000514403 0.00415809 2.31715e-16 7.77558e-16 0.00437243 0.00875914 0.000171468 -0.00138603 -0.000514403 0.00415809 0.00437243 0.00875914 -0.00145748 -0.00291971 
-0.0133888 -0.00385802 0.0401663 0.0115741 0.0401663 0.0115741 -0.027049 -0.0123457 -2.42201e-15 -6.99258e-16 -0.0131173 0.000771605 0.00901635 0.00411523 -0.027049 -0.0123457 -0.0131173 0.000771605 0.00437243 -0.000257202 
-0.00385802 -0.0129172 0.0115741 0.0387517 0.0115741 0.0387517 0.00154321 -0.0124743 -6.95146e-16 -2.33267e-15 -0.0131173 -0.0262774 -0.000514403 0.00415809 0.00154321 -0.0124743 -0.0131173 -0.0262774 0.00437243 0.00875914 
-0.0133888 -0.00385802 0.0401663 0.0115741 0.0401663 0.0115741 -0.027049 -0.0123457 -2.42201e-15 -6.99258e-16 -0.0131173 0.000771605 0.00901635 0.00411523 -0.027049 -0.0123457 -0.0131173 0.000771605 0.00437243 -0.000257202 
-0.00385802 -0.0129172 0.0115741 0.0387517 0.0115741 0.0387517 0.00154321 -0.0124743 -6.95146e-16 -2.33267e-15 -0.0131173 -0.0262774 -0.000514403 0.00415809 0.00154321 -0.0124743 -0.0131173 -0.0262774 0.00437243 0.00875914 
0.00901635 -0.000514403 -0.027049 0.00154321 -0.027049 0.00154321 0.0278206 -0.00154321 1.63389e-15 -9.32039e-17 -0.000771605 -2.26537e-17 -0.00927355 0.000514403 0.0278206 -0.00154321 -0.000771605 7.95736e-18 0.000257202 2.44939e-18 
0.00411523 0.00415809 -0.0123457 -0.0124743 -0.0123457 -0.0124743 -0.00154321 0.0140175 7.41519e-16 7.53855e-16 0.0138889 -0.00154321 0.000514403 -0.0046725 -0.00154321 0.0140175 0.0138889 -0.00154321 -0.00462963 0.000514403 
8.07336e-16 2.31715e-16 -2.42201e-15 -6.95146e-16 -2.42201e-15 -6.95146e-16 1.63389e-15 7.41519e-16 1.46047e-28 4.19978e-29 7.88121e-16 -4.63735e-17 -5.44629e-16 -2.47173e-16 1.63389e-15 7.41519e-16 7.88121e-16 -4.63735e-17 -2.62707e-16 1.54578e-17 
2.33086e-16 7.77558e-16 -6.99258e-16 -2.33267e-15 -6.99258e-16 -2.33267e-15 -9.32039e-17 7.53855e-16 4.19978e-29 1.40417e-28 7.92462e-16 1.57882e-15 3.1068e-17 -2.51285e-16 -9.32039e-17 7.53855e-16 7.92462e-16 1.57882e-15 -2.64154e-16 -5.26273e-16 
0.00437243 0.00437243 -0.0131173 -0.0131173 -0.0131173 -0.0131173 -0.000771605 0.0138889 7.88121e-16 7.92462e-16 0.0138889 -0.000771605 0.000257202 -0.00462963 -0.000771605 0.0138889 0.0138889 -0.000771605 -0.00462963 0.000257202 
-0.000257202 0.00875914 0.000771605 -0.0262774 0.000771605 -0.0262774 -2.26537e-17 -0.00154321 -4.63735e-17 1.57882e-15 -0.000771605 0.0278206 5.00032e-18 0.000514403 -7.34818e-18 -0.00154321 -0.000771605 0.0278206 0.000257202 -0.00927355 
-0.00300545 0.000171468 0.00901635 -0.000514403 0.00901635 -0.000514403 -0.00927355 0.000514403 -5.44629e-16 3.1068e-17 0.000257202 5.00032e-18 0.00309118 -0.000171468 -0.00927355 0.000514403 0.000257202 -5.20338e-18 -8.57339e-05 3.38431e-20 
-0.00137174 -0.00138603 0.00411523 0.00415809 0.00411523 0.00415809 0.000514403 -0.0046725 -2.47173e-16 -2.51285e-16 -0.00462963 0.000514403 -0.000171468 0.0015575 0.000514403 -0.0046725 -0.00462963 0.000514403 0.00154321 -0.000171468 
0.00901635 -0.000514403 -0.027049 0.00154321 -0.027049 0.00154321 0.0278206 -0.00154321 1.63389e-15 -9.32039e-17 -0.000771605 -7.34818e-18 -0.00927355 0.000514403 0.0278206 -0.00154321 -0.000771605 2.32629e-17 0.000257202 -2.65245e-18 
0.00411523 0.00415809 -0.0123457 -0.0124743 -0.0123457 -0.0124743 -0.00154321 0.0140175 7.41519e-16 7.53855e-16 0.0138889 -0.00154321 0.000514403 -0.0046725 -0.00154321 0.0140175 0.0138889 -0.00154321 -0.00462963 0.000514403 
0.00437243 0.00437243 -0.0131173 -0.0131173 -0.0131173 -0.0131173 -0.000771605 0.0138889 7.88121e-16 7.92462e-16 0.0138889 -0.000771605 0.000257202 -0.00462963 -0.000771605 0.0138889 0.0138889 -0.000771605 -0.00462963 0.000257202 
-0.000257202 0.00875914 0.000771605 -0.0262774 0.000771605 -0.0262774 7.95736e-18 -0.00154321 -4.63735e-17 1.57882e-15 -0.000771605 0.0278206 -5.20338e-18 0.000514403 2.32629e-17 -0.00154321 -0.000771605 0.0278206 0.000257202 -0.00927355 
-0.00145748 -0.00145748 0.00437243 0.00437243 0.00437243 0.00437243 0.000257202 -0.00462963 -2.62707e-16 -2.64154e-16 -0.00462963 0.000257202 -8.57339e-05 0.00154321 0.000257202 -0.00462963 -0.00462963 0.000257202 0.00154321 -8.57339e-05 
8.57339e-05 -0.00291971 -0.000257202 0.00875914 -0.000257202 0.00875914 2.44939e-18 0.000514403 1.54578e-17 -5.26273e-16 0.000257202 -0.00927355 3.38431e-20 -0.000171468 -2.65245e-18 0.000514403 0.000257202 -0.00927355 -8.57339e-05 0.00309118 
 ue[0]=0.000772796 J0=81 W[i]=0.1125

Ponto de integracao No. =1
Valores das funcoes de forma no ponto de Integracao atual(PHI) :
-0.0568817 0.0518521 0.408231 -0.103704 0.356379 0.408231 0.0446272 -0.103704 0.0518521 -0.0568817 
Valores das derivadas direcionais das funcoes de forma no ponto de Integracao atual(DPHI):
0.247326 0.379012 -3.85227 -1.13704 5.20988 -0.868314 0.510698 -1.35762 0.868314 0 
0.247326 -0.489302 -2.98395 0.220581 -1.59595e-14 2.98395 0 -0.220581 0.489302 -0.247326 
 X= 
0.537443 4.23128 
 J0= 81
 Y= 
0.537443 4.27591 
Matriz A1= 
9 6.66134e-16 
0.510698 9 
 J1= 81
 A= 
1 0 
0.0567442 1 
 C= 
1.00322 0.0567442 
0.0567442 1 
 E= 
0.00160995 0 0.0283721 0.0283721 
 S= 
0.00160995 0 0.0283721 0.0283721 
 CC= 
1 0 0 0 
0 1 0 0 
0 0 0.5 0.5 
0 0 0.5 0.5 
 fint= 0.000823925 0.000826436 -0.0014747 0.00111114 -0.0100959 -0.012717 0.000491974 -0.00355654 0.000931963 0.0164768 0.00925146 -0.00221235 9.13555e-05 0.00161514 -0.000938226 -0.00433306 0.00169783 0.00283366 -0.000779683 -4.42425e-05 
 h= 
0.00117684 0.000441871 0.000402566 0.000601917 -0.0169293 -0.00680722 -0.00322005 -0.00191381 0.0163848 0.00885661 0.00208331 -0.0012176 0.00160612 0.000868168 -0.0046255 -0.00232701 0.00352021 0.00151849 -0.000399018 -2.14262e-05 
0.000441871 0.00122334 -0.000723738 -0.000931323 -0.00548156 -0.0162484 0.000158864 -0.00123686 0.000902679 0.00893344 0.00466366 0.00815398 8.8485e-05 0.000875699 -0.000591094 -0.00304074 0.000939853 0.00307013 -0.000399018 -0.000799252 
0.000402566 -0.000723738 0.00312427 -0.000960266 -0.00877761 0.0111239 -0.00577101 0.00309458 0.0235242 -0.0143525 -0.0125372 0.00188067 0.00230596 -0.00140691 -0.00549309 0.00377786 0.00250778 -0.00247595 0.000714183 4.23889e-05 
0.000601917 -0.000931323 -0.000960266 0.00359598 -0.00749261 0.00948283 0.000176361 -0.00357218 0.0013833 0.0105208 0.00623922 -0.0190156 0.000135598 0.0010313 -0.000838728 -0.00146552 0.00129145 -0.00107713 -0.000536249 0.00143077 
-0.0169293 -0.00548156 -0.00877761 -0.00749261 0.24652 0.0844716 0.050991 0.0237815 -0.25362 -0.110023 -0.0167191 0.0152184 -0.0248611 -0.010785 0.0704502 0.0289009 -0.051943 -0.0188486 0.00488933 0.000258504 
-0.00680722 -0.0162484 0.0111239 0.00948283 0.0844716 0.218698 -0.00240733 0.0209418 -0.0140599 -0.135975 -0.0717322 -0.0954928 -0.00137822 -0.013329 0.00913961 0.0441674 -0.01449 -0.0420374 0.00613976 0.00979333 
-0.00322005 0.000158864 -0.00577101 0.000176361 0.050991 -0.00240733 0.0161114 -0.000625454 -0.0728488 0.00294391 0.015016 -0.000260102 -0.00714099 0.000288577 0.0187708 -0.000784182 -0.0116701 0.000528458 -0.000238258 -1.91092e-05 
-0.00191381 -0.00123686 0.00309458 -0.00357218 0.0237815 0.0209418 -0.000625454 0.00830789 -0.00414991 -0.0361149 -0.0200214 0.0117813 -0.000406794 -0.00354016 0.00261256 0.00898505 -0.00408813 -0.00507429 0.0017168 -0.0004776 
0.0163848 0.000902679 0.0235242 0.0013833 -0.25362 -0.0140599 -0.0728488 -0.00414991 0.335637 0.0190148 -0.0504941 -0.00316914 0.0329007 0.00186393 -0.0878643 -0.00495497 0.0568324 0.00316914 -0.00045134 1.05967e-18 
0.00885661 0.00893344 -0.0143525 0.0105208 -0.110023 -0.135975 0.00294391 -0.0361149 0.0190148 0.169167 0.0927941 -0.0173038 0.00186393 0.0165826 -0.0120488 -0.0448874 0.018905 0.0299804 -0.00795393 -0.000902679 
0.00208331 0.00466366 -0.0125372 0.00623922 -0.0167191 -0.0717322 0.015016 -0.0200214 -0.0504941 0.0927941 0.0624709 -0.0123469 -0.00494968 0.00909613 0.0091621 -0.0244113 0.000448178 0.0159771 -0.00448038 -0.000258504 
-0.0012176 0.00815398 0.00188067 -0.0190156 0.0152184 -0.0954928 -0.000260102 0.0117813 -0.00316914 -0.0173038 -0.0123469 0.111171 -0.000310654 -0.0016962 0.00177758 -0.00349575 -0.00263941 0.0148728 0.00106715 -0.00897543 
0.00160612 8.8485e-05 0.00230596 0.000135598 -0.0248611 -0.00137822 -0.00714099 -0.000406794 0.0329007 0.00186393 -0.00494968 -0.000310654 0.00322509 0.000182711 -0.00861289 -0.000485711 0.00557098 0.000310654 -4.42425e-05 -3.16545e-20 
0.000868168 0.000875699 -0.00140691 0.0010313 -0.010785 -0.013329 0.000288577 -0.00354016 0.00186393 0.0165826 0.00909613 -0.0016962 0.000182711 0.0016255 -0.00118108 -0.00440008 0.00185316 0.00293882 -0.000779683 -8.8485e-05 
-0.0046255 -0.000591094 -0.00549309 -0.000838728 0.0704502 0.00913961 0.0187708 0.00261256 -0.0878643 -0.0120488 0.0091621 0.00177758 -0.00861289 -0.00118108 0.0233013 0.00315678 -0.015543 -0.00204594 0.000454373 1.91092e-05 
-0.00232701 -0.00304074 0.00377786 -0.00146552 0.0289009 0.0441674 -0.000784182 0.00898505 -0.00495497 -0.0448874 -0.0244113 -0.00349575 -0.000485711 -0.00440008 0.00315678 0.0125084 -0.00496415 -0.00928122 0.00209178 0.00090983 
0.00352021 0.000939853 0.00250778 0.00129145 -0.051943 -0.01449 -0.0116701 -0.00408813 0.0568324 0.018905 0.000448178 -0.00263941 0.00557098 0.00185316 -0.015543 -0.00496415 0.0110988 0.00323469 -0.000822241 -4.23889e-05 
0.00151849 0.00307013 -0.00247595 -0.00107713 -0.0188486 -0.0420374 0.000528458 -0.00507429 0.00316914 0.0299804 0.0159771 0.0148728 0.000310654 0.00293882 -0.00204594 -0.00928122 0.00323469 0.00825488 -0.00136804 -0.00164689 
-0.000399018 -0.000399018 0.000714183 -0.000536249 0.00488933 0.00613976 -0.000238258 0.0017168 -0.00045134 -0.00795393 -0.00448038 0.00106715 -4.42425e-05 -0.000779683 0.000454373 0.00209178 -0.000822241 -0.00136804 0.000377592 2.14262e-05 
-2.14262e-05 -0.000799252 4.23889e-05 0.00143077 0.000258504 0.00979333 -1.91092e-05 -0.0004776 1.05967e-18 -0.000902679 -0.000258504 -0.00897543 -3.16545e-20 -8.8485e-05 1.91092e-05 0.00090983 -4.23889e-05 -0.00164689 2.14262e-05 0.0007564 
 ue[1]=0.000806273 J0=81 W[i]=0.0661971

Ponto de integracao No. =2
Valores das funcoes de forma no ponto de Integracao atual(PHI) :
0.0446272 -0.103704 -0.103704 0.0518521 0.356379 0.0518521 -0.0568817 0.408231 0.408231 -0.0568817 
Valores das derivadas direcionais das funcoes de forma no ponto de Integracao atual(DPHI):
-0.510698 1.13704 1.35762 -0.379012 -5.20988 -0.868314 -0.247326 3.85227 0.868314 0 
-0.510698 1.35762 1.13704 -0.868314 -5.20988 -0.379012 0 0.868314 3.85227 -0.247326 
 X= 
4.23128 4.23128 
 J0= 81
 Y= 
4.23128 4.1744 
Matriz A1= 
9 -1.77636e-15 
-0.247326 9 
 J1= 81
 A= 
1 0 
-0.0274806 1 
 C= 
1.00076 -0.0274806 
-0.0274806 1 
 E= 
0.000377592 0 -0.0137403 -0.0137403 
 S= 
0.000377592 0 -0.0137403 -0.0137403 
 CC= 
1 0 0 0 
0 1 0 0 
0 0 0.5 0.5 
0 0 0.5 0.5 
 fint= 0.000758257 0.000758846 -0.00202497 -0.00168027 -0.00167895 -0.00202653 0.00130975 0.000542645 0.00773535 0.00774136 0.000542208 0.00131076 -1.03765e-05 0.000377877 -0.00116403 -0.00584927 -0.00584483 -0.00116504 0.000377592 -1.03765e-05 
 h= 
0.00474259 0.00147723 -0.0112353 -0.00326984 -0.0119312 -0.0039461 0.0050198 0.00105393 0.0483815 0.0150699 0.00656347 0.00255404 0.00153853 0.000736831 -0.0266257 -0.0114014 -0.0172119 -0.00225315 0.000758257 -2.14262e-05 
0.00147723 0.00465775 -0.00396521 -0.0117232 -0.00325073 -0.0110289 0.00259643 0.00645812 0.0150699 0.047516 0.00101154 0.00491795 -4.28523e-05 0.000738597 -0.00199464 -0.0168304 -0.0116599 -0.026223 0.000758257 0.0015171 
-0.0112353 -0.00396521 0.0268207 0.00877747 0.0280615 0.0105917 -0.0123444 -0.00283007 -0.114617 -0.040451 -0.0150967 -0.00685452 -0.00341618 -0.00197727 0.0603186 0.0305973 0.0435339 0.00605464 -0.00202497 5.69583e-05 
-0.00326984 -0.0117232 0.00877747 0.0297144 0.00719498 0.0275511 -0.00574829 -0.0167157 -0.0333572 -0.119594 -0.00223794 -0.011917 9.54079e-05 -0.00162593 0.00440845 0.039549 0.0258159 0.0688133 -0.00167895 -0.0040515 
-0.0119312 -0.00325073 0.0280615 0.00719498 0.03022 0.00868413 -0.0121763 -0.00231813 -0.121716 -0.0331623 -0.0169645 -0.00562142 -0.00409921 -0.001622 0.0697425 0.0250962 0.0405424 0.0049515 -0.00167895 4.77039e-05 
-0.0039461 -0.0110289 0.0105917 0.0275511 0.00868413 0.0263228 -0.00693472 -0.0148308 -0.0402561 -0.112511 -0.00270321 -0.0121061 0.000113917 -0.00198196 0.00533496 0.042664 0.0311404 0.0592805 -0.00202497 -0.00335922 
0.0050198 0.00259643 -0.0123444 -0.00574829 -0.0121763 -0.00693472 0.0063166 0.00185485 0.0512095 0.0264875 0.00594373 0.00448665 0.00112128 0.00129385 -0.0220631 -0.0200248 -0.0243369 -0.00397506 0.00130975 -3.64298e-05 
0.00105393 0.00645812 -0.00283007 -0.0167157 -0.00231813 -0.0148308 0.00185485 0.0099772 0.0107516 0.0658825 0.000719248 0.00579607 -3.18026e-05 0.000507089 -0.00140824 -0.0170984 -0.00833361 -0.0425965 0.000542208 0.00262051 
0.0483815 0.0150699 -0.114617 -0.0333572 -0.121716 -0.0402561 0.0512095 0.0107516 0.493564 0.153736 0.0669572 0.026055 0.0156953 0.00751677 -0.271622 -0.116312 -0.175587 -0.0229855 0.00773535 -0.000218579 
0.0150699 0.047516 -0.040451 -0.119594 -0.0331623 -0.112511 0.0264875 0.0658825 0.153736 0.484735 0.0103192 0.0501704 -0.000437158 0.00753479 -0.0203483 -0.171696 -0.118949 -0.267514 0.00773535 0.0154767 
0.00656347 0.00101154 -0.0150967 -0.00223794 -0.0169645 -0.00270321 0.00594373 0.000719248 0.0669572 0.0103192 0.0100868 0.00175132 0.00263641 0.000505778 -0.0429675 -0.00782202 -0.0177012 -0.00152802 0.000542208 -1.59013e-05 
0.00255404 0.00491795 -0.00685452 -0.011917 -0.00562142 -0.0121061 0.00448665 0.00579607 0.026055 0.0501704 0.00175132 0.00621549 -7.28596e-05 0.00129686 -0.00346346 -0.0240081 -0.0201445 -0.0214503 0.00130975 0.00108485 
0.00153853 -4.28523e-05 -0.00341618 9.54079e-05 -0.00409921 0.000113917 0.00112128 -3.18026e-05 0.0156953 -0.000437158 0.00263641 -7.28596e-05 0.000755469 -2.07529e-05 -0.0117305 0.000323241 -0.00249069 7.28596e-05 -1.03765e-05 -6.1441e-21 
0.000736831 0.000738597 -0.00197727 -0.00162593 -0.001622 -0.00198196 0.00129385 0.000507089 0.00751677 0.00753479 0.000505778 0.00129686 -2.07529e-05 0.000378447 -0.00100241 -0.00582172 -0.0058084 -0.00100542 0.000377592 -2.07529e-05 
-0.0266257 -0.00199464 0.0603186 0.00440845 0.0697425 0.00533496 -0.0220631 -0.00140824 -0.271622 -0.0203483 -0.0429675 -0.00346346 -0.0117305 -0.00100241 0.186798 0.0154854 0.0593143 0.00295187 -0.00116403 3.64298e-05 
-0.0114014 -0.0168304 0.0305973 0.039549 0.0250962 0.042664 -0.0200248 -0.0170984 -0.116312 -0.171696 -0.00782202 -0.0240081 0.000323241 -0.00582172 0.0154854 0.0988543 0.0899024 0.0567159 -0.00584483 -0.00232907 
-0.0172119 -0.0116599 0.0435339 0.0258159 0.0405424 0.0311404 -0.0243369 -0.00833361 -0.175587 -0.118949 -0.0177012 -0.0201445 -0.00249069 -0.0058084 0.0593143 0.0899024 0.0997816 0.0178749 -0.00584483 0.000161621 
-0.00225315 -0.026223 0.00605464 0.0688133 0.0049515 0.0592805 -0.00397506 -0.0425965 -0.0229855 -0.267514 -0.00152802 -0.0214503 7.28596e-05 -0.00100542 0.00295187 0.0567159 0.0178749 0.185674 -0.00116403 -0.0116941 
0.000758257 0.000758257 -0.00202497 -0.00167895 -0.00167895 -0.00202497 0.00130975 0.000542208 0.00773535 0.00773535 0.000542208 0.00130975 -1.03765e-05 0.000377592 -0.00116403 -0.00584483 -0.00584483 -0.00116403 0.000377592 -1.03765e-05 
-2.14262e-05 0.0015171 5.69583e-05 -0.0040515 4.77039e-05 -0.00335922 -3.64298e-05 0.00262051 -0.000218579 0.0154767 -1.59013e-05 0.00108485 -6.1441e-21 -2.07529e-05 3.64298e-05 -0.00232907 0.000161621 -0.0116941 -1.03765e-05 0.000755469 
 ue[2]=0.000188867 J0=81 W[i]=0.0661971

Ponto de integracao No. =3
Valores das funcoes de forma no ponto de Integracao atual(PHI) :
-0.0568817 0.408231 0.0518521 0.408231 0.356379 -0.103704 -0.0568817 0.0518521 -0.103704 0.0446272 
Valores das derivadas direcionais das funcoes de forma no ponto de Integracao atual(DPHI):
0.247326 -2.98395 -0.489302 2.98395 -1.62093e-14 0.220581 -0.247326 0.489302 -0.220581 0 
0.247326 -3.85227 0.379012 -0.868314 5.20988 -1.13704 0 0.868314 -1.35762 0.510698 
 X= 
4.23128 0.537443 
 J0= 81
 Y= 
4.23128 0.480561 
Matriz A1= 
9 -3.55271e-15 
-0.247326 9 
 J1= 81
 A= 
1 0 
-0.0274806 1 
 C= 
1.00076 -0.0274806 
-0.0274806 1 
 E= 
0.000377592 0 -0.0137403 -0.0137403 
 S= 
0.000377592 0 -0.0137403 -0.0137403 
 CC= 
1 0 0 0 
0 1 0 0 
0 0 0.5 0.5 
0 0 0.5 0.5 
 fint= -0.000367216 -0.000367501 0.00575607 0.00439742 -0.000599166 0.000763483 0.00145085 -0.00459547 -0.00795393 0.000218579 0.00174517 -0.000384719 -1.03765e-05 0.000377877 -0.00130513 -0.000711152 0.00206342 0.000280057 -0.000779683 2.14262e-05 
 h= 
0.00111231 0.000346463 -0.0147091 -0.0041436 -0.000911335 -0.000721862 0.00770023 0.00434165 0.00773535 -0.000218579 -0.00102369 0.000365956 -0.000745093 -0.000356839 0.0027633 0.000669531 -0.00268024 -0.000261293 0.000758257 -2.14262e-05 
0.000346463 0.00109241 -0.00546926 -0.0157593 0.000603793 0.000418256 -0.00153961 0.00173609 0.00773535 0.0154767 -0.00170672 -0.00305871 2.07529e-05 -0.000357695 0.00124817 0.00328711 -0.00199721 -0.00435201 0.000758257 0.0015171 
-0.0147091 -0.00546926 0.197672 0.0654185 0.00889159 0.0113876 -0.0878087 -0.0685033 -0.121251 0.00340452 0.0184776 -0.005765 0.00895303 0.00563088 -0.0379209 -0.0105726 0.039581 0.00413481 -0.0118856 0.000333727 
-0.0041436 -0.0157593 0.0654185 0.230566 -0.00722887 -0.00925487 0.0184473 -0.0107549 -0.0925587 -0.242595 0.0204239 0.0491615 -0.000250382 0.00424268 -0.0149311 -0.0488262 0.0238961 0.0670005 -0.00907305 -0.0237804 
-0.000911335 0.000603793 0.00889159 -0.00722887 0.00390652 -0.00125035 -0.0203276 0.00753237 0.0126214 -0.000334959 -0.00410172 0.000625786 0.0015105 -0.000619694 -0.000884774 0.00117016 -0.00194177 -0.000465398 0.00123721 -3.28343e-05 
-0.000721862 0.000418256 0.0113876 -0.00925487 -0.00125035 0.00338119 0.00317381 -0.0136254 -0.0160708 0.0252519 0.003544 -0.00620724 -4.1057e-05 0.000780513 -0.00259724 0.00266451 0.00415119 -0.00588416 -0.00157534 0.00247532 
0.00770023 -0.00153961 -0.0878087 0.0184473 -0.0203276 0.00317381 0.1155 -0.0191426 -0.0305619 0.00076739 0.0148315 -0.00157309 -0.00915108 0.00157604 0.0130106 -0.00299009 -0.000197548 0.00120564 -0.00299583 7.52233e-05 
0.00434165 0.00173609 -0.0685033 -0.0107549 0.00753237 -0.0136254 -0.0191426 0.0661572 0.0967306 -0.0611449 -0.0213344 0.0174818 0.000250382 -0.00463878 0.0156264 -0.00101357 -0.0249832 0.0117963 0.00948201 -0.00599372 
0.00773535 0.00773535 -0.121251 -0.0925587 0.0126214 -0.0160708 -0.0305619 0.0967306 0.167549 -0.00460434 -0.0367617 0.0080987 0.000218579 -0.00795393 0.0274923 0.0149685 -0.0434657 -0.005894 0.0164239 -0.00045134 
-0.000218579 0.0154767 0.00340452 -0.242595 -0.000334959 0.0252519 0.00076739 -0.0611449 -0.00460434 0.335224 0.00100488 -0.0735511 -1.2954e-18 0.000437158 -0.00076739 0.0550058 0.00119982 -0.0869643 -0.00045134 0.0328603 
-0.00102369 -0.00170672 0.0184776 0.0204239 -0.00410172 0.003544 0.0148315 -0.0213344 -0.0367617 0.00100488 0.00866656 -0.00178401 -0.000721479 0.00175442 -0.0046996 -0.00330342 0.00893608 0.00130285 -0.00360356 9.8503e-05 
0.000365956 -0.00305871 -0.005765 0.0491615 0.000625786 -0.00620724 -0.00157309 0.0174818 0.0080987 -0.0735511 -0.00178401 0.0164383 1.85088e-05 -0.000432931 0.00131317 -0.011402 -0.00209389 0.0187802 0.000793874 -0.00720983 
-0.000745093 2.07529e-05 0.00895303 -0.000250382 0.0015105 -4.1057e-05 -0.00915108 0.000250382 0.000218579 -1.2954e-18 -0.000721479 1.85088e-05 0.000755469 -2.07529e-05 -0.00145817 4.1057e-05 0.000616817 -1.85088e-05 2.14262e-05 6.34342e-21 
-0.000356839 -0.000357695 0.00563088 0.00424268 -0.000619694 0.000780513 0.00157604 -0.00463878 -0.00795393 0.000437158 0.00175442 -0.000432931 -2.07529e-05 0.000378447 -0.0012846 -0.000675851 0.00205416 0.000223607 -0.000779683 4.28523e-05 
0.0027633 0.00124817 -0.0379209 -0.0149311 -0.000884774 -0.00259724 0.0130106 0.0156264 0.0274923 -0.00076739 -0.0046996 0.00131317 -0.00145817 -0.0012846 0.00746686 0.00241352 -0.00846457 -0.000945716 0.00269493 -7.52233e-05 
0.000669531 0.00328711 -0.0105726 -0.0488262 0.00117016 0.00266451 -0.00299009 -0.00101357 0.0149685 0.0550058 -0.00330342 -0.011402 4.1057e-05 -0.000675851 0.00241352 0.0105047 -0.00386393 -0.0149364 0.00146728 0.00539193 
-0.00268024 -0.00199721 0.039581 0.0238961 -0.00194177 0.00415119 -0.000197548 -0.0249832 -0.0434657 0.00119982 0.00893608 -0.00209389 0.000616817 0.00205416 -0.00846457 -0.00386393 0.0118766 0.00151938 -0.00426072 0.000117612 
-0.000261293 -0.00435201 0.00413481 0.0670005 -0.000465398 -0.00588416 0.00120564 0.0117963 -0.005894 -0.0869643 0.00130285 0.0187802 -1.85088e-05 0.000223607 -0.000945716 -0.0149364 0.00151938 0.022861 -0.000577759 -0.00852466 
0.000758257 0.000758257 -0.0118856 -0.00907305 0.00123721 -0.00157534 -0.00299583 0.00948201 0.0164239 -0.00045134 -0.00360356 0.000793874 2.14262e-05 -0.000779683 0.00269493 0.00146728 -0.00426072 -0.000577759 0.00160995 -4.42425e-05 
-2.14262e-05 0.0015171 0.000333727 -0.0237804 -3.28343e-05 0.00247532 7.52233e-05 -0.00599372 -0.00045134 0.0328603 9.8503e-05 -0.00720983 6.34342e-21 4.28523e-05 -7.52233e-05 0.00539193 0.000117612 -0.00852466 -4.42425e-05 0.00322112 
 ue[3]=0.000188867 J0=81 W[i]=0.0661971

Ponto de integracao No. =4
Valores das funcoes de forma no ponto de Integracao atual(PHI) :
0.0597971 -0.253018 -0.0321375 0.506037 0.220881 -0.0321375 0.217763 0.506037 -0.253018 0.0597971 
Valores das derivadas direcionais das funcoes de forma no ponto de Integracao atual(DPHI):
-0.226917 1.09038 0.178797 -3.27113 -1.90376 0.317293 2.40767 1.72496 -0.317293 0 
-0.226917 1.40767 -0.138496 -4.99609 -2.13163e-13 0.138496 0 4.99609 -1.40767 0.226917 
 X= 
7.17684 0.911579 
 J0= 81
 Y= 
7.17684 1.12934 
Matriz A1= 
9 -5.32907e-15 
2.40767 9 
 J1= 81
 A= 
1 0 
0.267519 1 
 C= 
1.07157 0.267519 
0.267519 1 
 E= 
0.0357832 2.22045e-16 0.133759 0.133759 
 S= 
0.0357832 2.22045e-16 0.133759 0.133759 
 CC= 
1 0 0 0 
0 1 0 0 
0 0 0.5 0.5 
0 0 0.5 0.5 
 fint= -0.00427468 -0.00451604 0.0252562 0.0229619 -0.00134747 0.00229684 -0.0872584 -0.0719593 -0.00756917 -0.0303189 0.00331988 0.00560379 0.00957267 0.038344 0.081111 0.0473354 -0.0221825 -0.0106499 0.00337248 0.000902202 
 h= 
0.00114635 0.00057294 -0.00607176 -0.00287197 -0.000339923 -0.000332547 0.0195879 0.0089056 0.00623751 0.0040934 -0.00128548 -0.00073413 -0.00788852 -0.00517689 -0.014522 -0.00558109 0.00353882 0.00120972 -0.000402879 -8.50305e-05 
0.00057294 0.00138466 -0.00331641 -0.00781199 0.000111894 6.74526e-05 0.0113218 0.0262586 0.00142675 0.00466592 -0.000483684 -0.00128332 -0.0018044 -0.00590095 -0.010163 -0.0224691 0.00273703 0.00591724 -0.000402879 -0.000828506 
-0.00607176 -0.00331641 0.0325042 0.0166735 0.00145581 0.00187557 -0.105622 -0.0518175 -0.0309698 -0.0233982 0.00661444 0.00422164 0.0391672 0.0295915 0.0804697 0.0328144 -0.019928 -0.0071719 0.00238034 0.000527482 
-0.00287197 -0.00781199 0.0166735 0.044392 -0.000610235 -0.000698684 -0.0570209 -0.149876 -0.0068558 -0.0244155 0.00239675 0.007061 0.00867047 0.0308781 0.0514529 0.130046 -0.0138895 -0.0344773 0.0020548 0.0049018 
-0.000339923 0.000111894 0.00145581 -0.000610235 0.000445414 -1.5599e-05 -0.00393477 0.00200751 -0.00391729 0.000503351 0.000575371 -0.000115567 0.00495416 -0.000636584 0.000753292 -0.00159871 0.000134929 0.000405833 -0.000126996 -5.18972e-05 
-0.000332547 6.74526e-05 0.00187557 -0.000698684 -1.5599e-05 0.000321414 -0.00630314 0.00300867 -0.0011242 -0.00168147 0.000308548 0.000116752 0.00142176 0.00212655 0.00539011 -0.0043743 -0.00141905 0.0013815 0.000198549 -0.000267875 
0.0195879 0.0113218 -0.105622 -0.0570209 -0.00393477 -0.00630314 0.344885 0.177441 0.0953397 0.0792795 -0.0209093 -0.0143559 -0.120575 -0.100264 -0.267453 -0.113053 0.0669065 0.0248269 -0.0082239 -0.00187214 
0.0089056 0.0262586 -0.0518175 -0.149876 0.00200751 0.00300867 0.177441 0.50737 0.0205674 0.0781074 -0.00736706 -0.0233623 -0.0260114 -0.0987818 -0.160737 -0.443934 0.0434655 0.118158 -0.00645408 -0.0169486 
0.00623751 0.00142675 -0.0309698 -0.0068558 -0.00391729 -0.0011242 0.0953397 0.0205674 0.0463456 0.01197 -0.00815966 -0.001995 -0.0586129 -0.0151383 -0.0576995 -0.0108458 0.0121497 0.001995 -0.000713377 -8.04396e-17 
0.0040934 0.00466592 -0.0233982 -0.0244155 0.000503351 -0.00168147 0.0792795 0.0781074 0.01197 0.0271755 -0.00362255 -0.00540006 -0.0151383 -0.0343687 -0.0695579 -0.0560364 0.0185374 0.0133801 -0.00266664 -0.00142675 
-0.00128548 -0.000483684 0.00661444 0.00239675 0.000575371 0.000308548 -0.0209093 -0.00736706 -0.00815966 -0.00362255 0.00155091 0.000635433 0.0103195 0.00458141 0.0142823 0.00442496 -0.00330095 -0.000925699 0.000312891 5.18972e-05 
-0.00073413 -0.00128332 0.00422164 0.007061 -0.000115567 0.000116752 -0.0143559 -0.0233623 -0.001995 -0.00540006 0.000635433 0.00129042 0.00252306 0.00682941 0.0127356 0.0189765 -0.0034115 -0.00486814 0.000496338 0.000639665 
-0.00788852 -0.0018044 0.0391672 0.00867047 0.00495416 0.00142176 -0.120575 -0.0260114 -0.0586129 -0.0151383 0.0103195 0.00252306 0.0741272 0.0191453 0.072972 0.0137166 -0.0153656 -0.00252306 0.000902202 7.12281e-19 
-0.00517689 -0.00590095 0.0295915 0.0308781 -0.000636584 0.00212655 -0.100264 -0.0987818 -0.0151383 -0.0343687 0.00458141 0.00682941 0.0191453 0.0434658 0.0879693 0.0708688 -0.0234441 -0.0169216 0.00337248 0.0018044 
-0.014522 -0.010163 0.0804697 0.0514529 0.000753292 0.00539011 -0.267453 -0.160737 -0.0576995 -0.0695579 0.0142823 0.0127356 0.072972 0.0879693 0.220592 0.104244 -0.057039 -0.0232067 0.00764452 0.00187214 
-0.00558109 -0.0224691 0.0328144 0.130046 -0.00159871 -0.0043743 -0.113053 -0.443934 -0.0108458 -0.0560364 0.00442496 0.0189765 0.0137166 0.0708688 0.104244 0.398423 -0.0284101 -0.107291 0.00428833 0.0157899 
0.00353882 0.00273703 -0.019928 -0.0138895 0.000134929 -0.00141905 0.0669065 0.0434655 0.0121497 0.0185374 -0.00330095 -0.0034115 -0.0153656 -0.0234441 -0.057039 -0.0284101 0.0149942 0.00636177 -0.00209065 -0.000527482 
0.00120972 0.00591724 -0.0071719 -0.0344773 0.000405833 0.0013815 0.0248269 0.118158 0.001995 0.0133801 -0.000925699 -0.00486814 -0.00252306 -0.0169216 -0.0232067 -0.107291 0.00636177 0.0290439 -0.000971923 -0.00432242 
-0.000402879 -0.000402879 0.00238034 0.0020548 -0.000126996 0.000198549 -0.0082239 -0.00645408 -0.000713377 -0.00266664 0.000312891 0.000496338 0.000902202 0.00337248 0.00764452 0.00428833 -0.00209065 -0.000971923 0.000317849 8.50305e-05 
-8.50305e-05 -0.000828506 0.000527482 0.0049018 -5.18972e-05 -0.000267875 -0.00187214 -0.0169486 -8.04396e-17 -0.00142675 5.18972e-05 0.000639665 7.12281e-19 0.0018044 0.00187214 0.0157899 -0.000527482 -0.00432242 8.50305e-05 0.000658445 
 ue[4]=0.0185318 J0=81 W[i]=0.0629696

Ponto de integracao No. =5
Valores das funcoes de forma no ponto de Integracao atual(PHI) :
0.217763 0.506037 0.506037 -0.253018 0.220881 -0.253018 0.0597971 -0.0321375 -0.0321375 0.0597971 
Valores das derivadas direcionais das funcoes de forma no ponto de Integracao atual(DPHI):
-2.40767 3.27113 -1.72496 -1.09038 1.90376 0.317293 0.226917 -0.178797 -0.317293 0 
-2.40767 -1.72496 3.27113 0.317293 1.90376 -1.09038 0 -0.317293 -0.178797 0.226917 
 X= 
0.911579 0.911579 
 J0= 81
 Y= 
0.911579 0.971376 
Matriz A1= 
9 3.33067e-16 
0.226917 9 
 J1= 81
 A= 
1 0 
0.025213 1 
 C= 
1.00064 0.025213 
0.025213 1 
 E= 
0.000317849 0 0.0126065 0.0126065 
 S= 
0.000317849 0 0.0126065 0.0126065 
 CC= 
1 0 0 0 
0 1 0 0 
0 0 0.5 0.5 
0 0 0.5 0.5 
 fint= -0.00345751 -0.00345966 -0.00230067 0.00452394 0.00452103 -0.00230221 0.000405932 -0.00151708 0.00273388 0.00273557 -0.00151611 0.000406215 8.01393e-06 0.000318051 -0.000450755 -0.000261811 -0.000261652 -0.000451038 0.000317849 8.01393e-06 
 h= 
0.109177 0.0384898 -0.0722057 -0.0504212 0.00209423 0.0257037 0.027995 0.0169036 -0.0863267 -0.0304341 0.0070607 -0.00454487 -0.00683214 -0.00354254 0.0102179 0.00291021 0.0122775 0.00502046 -0.00345751 -8.50305e-05 
0.0384898 0.111049 0.0238315 0.00142214 -0.048549 -0.0727361 -0.00401739 0.0073813 -0.0304341 -0.0878074 0.0163761 0.0282757 -0.000170061 -0.00354897 0.00496856 0.0124685 0.00296211 0.0104128 -0.00345751 -0.00691717 
-0.0722057 0.0238315 0.148755 -0.0310369 -0.102386 0.0157327 -0.0469723 0.0104148 0.0570935 -0.0188437 0.0237877 -0.00276271 0.00910589 -0.00218515 -0.00395793 0.00180695 -0.0109198 0.00310344 -0.00230067 -6.09197e-05 
-0.0504212 0.00142214 -0.0310369 0.0994105 0.0634165 -0.100324 0.00521142 -0.0279097 0.0398683 -0.00112449 -0.0214012 0.0283663 0.00023105 0.00446885 -0.00650371 0.00291492 -0.00388538 -0.00262189 0.00452103 -0.00460288 
0.00209423 -0.048549 -0.102386 0.0634165 0.101041 -0.0322392 0.0289944 -0.02127 -0.00165592 0.038388 -0.0283219 0.00568135 -0.00471841 0.00446011 -0.00260383 -0.00367584 0.00303534 -0.0063275 0.00452103 0.000115525 
0.0257037 -0.0727361 0.0157327 -0.100324 -0.0322392 0.147034 -0.00263152 0.0231695 -0.0203241 0.057513 0.0108848 -0.0465245 -0.000121839 -0.00218976 0.00331298 -0.010922 0.00198316 -0.00406502 -0.00230067 0.00904497 
0.027995 -0.00401739 -0.0469723 0.00521142 0.0289944 -0.00263152 0.0151964 -0.00174987 -0.0221358 0.00317658 -0.00620748 0.000459915 -0.0030444 0.000367424 0.0018312 -0.000305177 0.00393706 -0.00052259 0.000405932 1.12057e-05 
0.0169036 0.0073813 0.0104148 -0.0279097 -0.02127 0.0231695 -0.00174987 0.00838092 -0.0133658 -0.00583644 0.00717748 -0.00601085 -7.70166e-05 -0.00150782 0.00218063 5.24643e-05 0.0013023 0.00146842 -0.00151611 0.000812147 
-0.0863267 -0.0304341 0.0570935 0.0398683 -0.00165592 -0.0203241 -0.0221358 -0.0133658 0.0682591 0.0240645 -0.00558295 0.00359366 0.00540222 0.00280111 -0.00807935 -0.00230112 -0.00970793 -0.00396971 0.00273388 6.72342e-05 
-0.0304341 -0.0878074 -0.0188437 -0.00112449 0.038388 0.057513 0.00317658 -0.00583644 0.0240645 0.0694299 -0.0129487 -0.0223578 0.000134468 0.0028062 -0.00392867 -0.00985893 -0.00234216 -0.00823345 0.00273388 0.00546945 
0.0070607 0.0163761 0.0237877 -0.0214012 -0.0283219 0.0108848 -0.00620748 0.00717748 -0.00558295 -0.0129487 0.00847462 -0.00191924 0.000850655 -0.0015049 0.00144968 0.00123962 5.15346e-06 0.00213462 -0.00151611 -3.85083e-05 
-0.00454487 0.0282757 -0.00276271 0.0283663 0.00568135 -0.0465245 0.000459915 -0.00601085 0.00359366 -0.0223578 -0.00191924 0.0150899 2.24114e-05 0.000368272 -0.000585265 0.00395107 -0.000351188 0.00187503 0.000405932 -0.00303319 
-0.00683214 -0.000170061 0.00910589 0.00023105 -0.00471841 -0.000121839 -0.0030444 -7.70166e-05 0.00540222 0.000134468 0.000850655 2.24114e-05 0.000635899 1.60279e-05 -0.000512257 -1.2629e-05 -0.000895478 -2.24114e-05 8.01393e-06 -1.08744e-21 
-0.00354254 -0.00354897 -0.00218515 0.00446885 0.00446011 -0.00218976 0.000367424 -0.00150782 0.00280111 0.0028062 -0.0015049 0.000368272 1.60279e-05 0.000318455 -0.00045707 -0.000273335 -0.000272857 -0.000457917 0.000317849 1.60279e-05 
0.0102179 0.00496856 -0.00395793 -0.00650371 -0.00260383 0.00331298 0.0018312 0.00218063 -0.00807935 -0.00392867 0.00144968 -0.000585265 -0.000512257 -0.00045707 0.00103391 0.000375812 0.00107145 0.000647939 -0.000450755 -1.12057e-05 
0.00291021 0.0124685 0.00180695 0.00291492 -0.00367584 -0.010922 -0.000305177 5.24643e-05 -0.00230112 -0.00985893 0.00123962 0.00395107 -1.2629e-05 -0.000273335 0.000375812 0.00147633 0.000223825 0.00109276 -0.000261652 -0.000901793 
0.0122775 0.00296211 -0.0109198 -0.00388538 0.00303534 0.00198316 0.00393706 0.0013023 -0.00970793 -0.00234216 5.15346e-06 -0.000351188 -0.000895478 -0.000272857 0.00107145 0.000223825 0.00145829 0.000386506 -0.000261652 -6.3145e-06 
0.00502046 0.0104128 0.00310344 -0.00262189 -0.0063275 -0.00406502 -0.00052259 0.00146842 -0.00396971 -0.00823345 0.00213462 0.00187503 -2.24114e-05 -0.000457917 0.000647939 0.00109276 0.000386506 0.00105275 -0.000450755 -0.000523463 
-0.00345751 -0.00345751 -0.00230067 0.00452103 0.00452103 -0.00230067 0.000405932 -0.00151611 0.00273388 0.00273388 -0.00151611 0.000405932 8.01393e-06 0.000317849 -0.000450755 -0.000261652 -0.000261652 -0.000450755 0.000317849 8.01393e-06 
-8.50305e-05 -0.00691717 -6.09197e-05 -0.00460288 0.000115525 0.00904497 1.12057e-05 0.000812147 6.72342e-05 0.00546945 -3.85083e-05 -0.00303319 -1.08744e-21 1.60279e-05 -1.12057e-05 -0.000901793 -6.3145e-06 -0.000523463 8.01393e-06 0.000635899 
 ue[5]=0.000158975 J0=81 W[i]=0.0629696

Ponto de integracao No. =6
Valores das funcoes de forma no ponto de Integracao atual(PHI) :
0.0597971 -0.0321375 -0.253018 -0.0321375 0.220881 0.506037 0.0597971 -0.253018 0.506037 0.217763 
Valores das derivadas direcionais das funcoes de forma no ponto de Integracao atual(DPHI):
-0.226917 -0.138496 1.40767 0.138496 -2.12275e-13 -4.99609 0.226917 -1.40767 4.99609 0 
-0.226917 0.178797 1.09038 0.317293 -1.90376 -3.27113 0 -0.317293 1.72496 2.40767 
 X= 
0.911579 7.17684 
 J0= 81
 Y= 
0.911579 7.23664 
Matriz A1= 
9 0 
0.226917 9 
 J1= 81
 A= 
1 0 
0.025213 1 
 C= 
1.00064 0.025213 
0.025213 1 
 E= 
0.000317849 0 0.0126065 0.0126065 
 S= 
0.000317849 0 0.0126065 0.0126065 
 CC= 
1 0 0 0 
0 1 0 0 
0 0 0.5 0.5 
0 0 0.5 0.5 
 fint= -0.000325863 -0.000326065 0.000245555 -0.000187803 0.00157703 0.00201152 0.000449332 0.000205324 -0.00266664 -6.72342e-05 -0.00475839 -0.00711812 8.01393e-06 0.000318051 -0.000494155 -0.00198422 0.00259264 0.00706351 0.00337248 8.50305e-05 
 h= 
0.000969776 0.00034189 0.000136243 0.000197462 -0.00556031 -0.00210969 -0.00084865 -0.000214983 0.00273388 6.72342e-05 0.0188747 0.00746656 -0.000643913 -0.000333877 0.00445013 0.00208239 -0.0166543 -0.00741195 -0.00345751 -8.50305e-05 
0.00034189 0.00098641 -0.000246978 -0.000309533 -0.00166525 -0.00520757 -0.000465429 -0.00111572 0.00273388 0.00546945 0.00505036 0.0167622 -1.60279e-05 -0.000334483 0.000555074 0.00298652 -0.00283001 -0.0123202 -0.00345751 -0.00691717 
0.000136243 -0.000246978 0.000426508 -0.00014191 -0.00118853 0.00152329 0.000110328 0.000155715 -0.00206012 -5.29766e-05 0.00486634 -0.00538977 -0.000381798 0.000240664 0.00202511 -0.00150177 -0.00653949 0.00534675 0.00260542 6.6999e-05 
0.000197462 -0.000309533 -0.00014191 0.000498011 -0.000962519 0.00123324 -0.000268399 0.00057601 0.00157457 -0.00412158 0.00292088 -0.00308057 -9.78239e-06 -0.000181736 0.000323113 0.000440457 -0.00164207 -0.000266824 -0.00199135 0.00521253 
-0.00556031 -0.00166525 -0.00118853 -0.000962519 0.0322879 0.0102765 0.00463626 0.00104671 -0.0132308 -0.000323072 -0.110434 -0.0363715 0.00398328 0.00162674 -0.0269152 -0.0101453 0.0996888 0.0361091 0.0167328 0.000408586 
-0.00210969 -0.00520757 0.00152329 0.00123324 0.0102765 0.0278932 0.00287159 0.00566434 -0.0168654 -0.0264697 -0.0311681 -0.0906725 9.9428e-05 0.00205253 -0.0034277 -0.0171444 0.0174706 0.0691748 0.0213296 0.0334759 
-0.00084865 -0.000465429 0.000110328 -0.000268399 0.00463626 0.00287159 0.000872009 0.000292897 -0.00376974 -9.4012e-05 -0.0152692 -0.0101623 0.000399318 0.000454223 -0.00310544 -0.00283342 0.0122076 0.0100859 0.00476756 0.000118896 
-0.000214983 -0.00111572 0.000155715 0.00057601 0.00104671 0.00566434 0.000292897 0.00138928 -0.00172156 -0.00754185 -0.00317345 -0.0177316 9.78239e-06 0.000216776 -0.000347611 -0.00260173 0.00177526 0.0116063 0.00217724 0.00953812 
0.00273388 0.00273388 -0.00206012 0.00157457 -0.0132308 -0.0168654 -0.00376974 -0.00172156 0.0223722 0.000564072 0.0399213 0.0596813 -6.72342e-05 -0.00266664 0.00414579 0.0166364 -0.0217514 -0.0592232 -0.028294 -0.000713377 
6.72342e-05 0.00546945 -5.29766e-05 -0.00412158 -0.000323072 -0.0264697 -9.4012e-05 -0.00754185 0.000564072 0.0447587 0.000969215 0.0798671 -1.50467e-17 -0.000134468 9.4012e-05 0.00829395 -0.000511096 -0.0435157 -0.000713377 -0.056606 
0.0188747 0.00505036 0.00486634 0.00292088 -0.110434 -0.0311681 -0.0152692 -0.00317345 0.0399213 0.000969215 0.379396 0.110317 -0.0141163 -0.00493484 0.094223 0.0307745 -0.346973 -0.10953 -0.0504882 -0.00122576 
0.00746656 0.0167622 -0.00538977 -0.00308057 -0.0363715 -0.0906725 -0.0101623 -0.0177316 0.0596813 0.0798671 0.110317 0.296692 -0.000352889 -0.00724254 0.012136 0.0582399 -0.0618458 -0.231827 -0.0754784 -0.101007 
-0.000643913 -1.60279e-05 -0.000381798 -9.78239e-06 0.00398328 9.9428e-05 0.000399318 9.78239e-06 -6.72342e-05 -1.50467e-17 -0.0141163 -0.000352889 0.000635899 1.60279e-05 -0.00395597 -9.9428e-05 0.0140617 0.000352889 8.50305e-05 6.71309e-20 
-0.000333877 -0.000334483 0.000240664 -0.000181736 0.00162674 0.00205253 0.000454223 0.000216776 -0.00266664 -0.000134468 -0.00493484 -0.00724254 1.60279e-05 0.000318455 -0.000543869 -0.00199793 0.00276909 0.00713333 0.00337248 0.000170061 
0.00445013 0.000555074 0.00202511 0.000323113 -0.0269152 -0.0034277 -0.00310544 -0.000347611 0.00414579 9.4012e-05 0.094223 0.012136 -0.00395597 -0.000543869 0.0252316 0.00338953 -0.090856 -0.0120597 -0.00524315 -0.000118896 
0.00208239 0.00298652 -0.00150177 0.000440457 -0.0101453 -0.0171444 -0.00283342 -0.00260173 0.0166364 0.00829395 0.0307745 0.0582399 -9.9428e-05 -0.00199793 0.00338953 0.0137764 -0.0172631 -0.0515038 -0.0210399 -0.0104893 
-0.0166543 -0.00283001 -0.00653949 -0.00164207 0.0996888 0.0174706 0.0122076 0.00177526 -0.0217514 -0.000511096 -0.346973 -0.0618458 0.0140617 0.00276909 -0.090856 -0.0172631 0.329307 0.0614307 0.0275088 0.000646378 
-0.00741195 -0.0123202 0.00534675 -0.000266824 0.0361091 0.0691748 0.0100859 0.0116063 -0.0592232 -0.0435157 -0.10953 -0.231827 0.000352889 0.00713333 -0.0120597 -0.0515038 0.0614307 0.196485 0.0748991 0.0550339 
-0.00345751 -0.00345751 0.00260542 -0.00199135 0.0167328 0.0213296 0.00476756 0.00217724 -0.028294 -0.000713377 -0.0504882 -0.0754784 8.50305e-05 0.00337248 -0.00524315 -0.0210399 0.0275088 0.0748991 0.0357832 0.000902202 
-8.50305e-05 -0.00691717 6.6999e-05 0.00521253 0.000408586 0.0334759 0.000118896 0.00953812 -0.000713377 -0.056606 -0.00122576 -0.101007 6.71309e-20 0.000170061 -0.000118896 -0.0104893 0.000646378 0.0550339 0.000902202 0.0715891 
 ue[6]=0.000158975 J0=81 W[i]=0.0629696

 Ue= 0.109535
 Fint= 
-0.0478671 -0.0491384 0.170281 0.199736 -0.00227466 -0.024754 -0.420918 -0.45684 -0.0344388 -0.0100036 0.0046131 -0.0102054 0.0485048 0.225638 0.392963 0.129252 -0.154613 -0.00780055 0.04375 0.00411706 
 H= 
0.646025 0.224851 -0.657522 -0.342496 -0.301053 0.02196 0.37147 0.186713 -0.00580227 -0.00688776 0.206446 0.0179422 -0.0928884 -0.0519841 -0.0698451 -0.035523 -0.0522157 -0.0137117 -0.0446145 -0.000864512 
